mcnp   version 5     ld=00000000  probid =  05/29/23 17:07:28 
    cells                                                                        
 Number of histories used for normalizing tallies =      10000000.00

 Mesh Tally Number         4
 This is a neutron mesh tally.

 Tally bin boundaries:
    X direction:    -10.00      0.00     10.00     20.00
    Y direction:     20.00     25.00     30.00     35.00     40.00
    Z direction:     15.00     20.00     25.00
    Energy bin boundaries: 0.00E+00 1.00E+36

        X         Y         Z     Result     Rel Error
     -5.000    22.500    17.500 9.45568E-05 4.42048E-03
     -5.000    22.500    22.500 7.70699E-05 4.91556E-03
     -5.000    27.500    17.500 7.31554E-05 5.02083E-03
     -5.000    27.500    22.500 6.16851E-05 5.47968E-03
     -5.000    32.500    17.500 5.71612E-05 5.67214E-03
     -5.000    32.500    22.500 5.00923E-05 6.07848E-03
     -5.000    37.500    17.500 4.53375E-05 6.37293E-03
     -5.000    37.500    22.500 4.10111E-05 6.70270E-03
      5.000    22.500    17.500 9.54871E-05 4.40319E-03
      5.000    22.500    22.500 7.64715E-05 4.92330E-03
      5.000    27.500    17.500 7.30042E-05 5.02603E-03
      5.000    27.500    22.500 6.22624E-05 5.46135E-03
      5.000    32.500    17.500 5.69892E-05 5.68657E-03
      5.000    32.500    22.500 5.02796E-05 6.07066E-03
      5.000    37.500    17.500 4.50316E-05 6.39030E-03
      5.000    37.500    22.500 4.10669E-05 6.68844E-03
     15.000    22.500    17.500 7.67912E-05 5.01166E-03
     15.000    22.500    22.500 6.40383E-05 5.46523E-03
     15.000    27.500    17.500 6.20899E-05 5.53058E-03
     15.000    27.500    22.500 5.33923E-05 5.95472E-03
     15.000    32.500    17.500 5.00181E-05 6.12790E-03
     15.000    32.500    22.500 4.46194E-05 6.48045E-03
     15.000    37.500    17.500 4.08733E-05 6.75114E-03
     15.000    37.500    22.500 3.71414E-05 7.07759E-03
