mcnp   version 6     ld=02/20/18  probid =  12/02/24 11:51:38 
 Title
 Number of histories used for normalizing tallies =             1.00

 Mesh Tally Number      2024
 neutron  mesh tally.

 Tally bin boundaries:
    X direction:     -3.00     -1.00      1.00      3.00
    Y direction:     -3.00     -1.00      1.00      3.00
    Z direction:     -3.00     -1.00      1.00      3.00
    Energy bin boundaries: 0.00E+00 1.00E+36

        X         Y         Z     Result     Rel Error
     -2.000    -2.000    -2.000 0.00000E+00 0.00000E+00
     -2.000    -2.000     0.000 0.00000E+00 0.00000E+00
     -2.000    -2.000     2.000 0.00000E+00 0.00000E+00
     -2.000     0.000    -2.000 0.00000E+00 0.00000E+00
     -2.000     0.000     0.000 0.00000E+00 0.00000E+00
     -2.000     0.000     2.000 0.00000E+00 0.00000E+00
     -2.000     2.000    -2.000 0.00000E+00 0.00000E+00
     -2.000     2.000     0.000 0.00000E+00 0.00000E+00
     -2.000     2.000     2.000 0.00000E+00 0.00000E+00
      0.000    -2.000    -2.000 0.00000E+00 0.00000E+00
      0.000    -2.000     0.000 0.00000E+00 0.00000E+00
      0.000    -2.000     2.000 0.00000E+00 0.00000E+00
      0.000     0.000    -2.000 0.00000E+00 0.00000E+00
      0.000     0.000     0.000 0.00000E+00 0.00000E+00
      0.000     0.000     2.000 0.00000E+00 0.00000E+00
      0.000     2.000    -2.000 0.00000E+00 0.00000E+00
      0.000     2.000     0.000 0.00000E+00 0.00000E+00
      0.000     2.000     2.000 0.00000E+00 0.00000E+00
      2.000    -2.000    -2.000 0.00000E+00 0.00000E+00
      2.000    -2.000     0.000 0.00000E+00 0.00000E+00
      2.000    -2.000     2.000 0.00000E+00 0.00000E+00
      2.000     0.000    -2.000 0.00000E+00 0.00000E+00
      2.000     0.000     0.000 0.00000E+00 0.00000E+00
      2.000     0.000     2.000 0.00000E+00 0.00000E+00
      2.000     2.000    -2.000 0.00000E+00 0.00000E+00
      2.000     2.000     0.000 0.00000E+00 0.00000E+00
      2.000     2.000     2.000 0.00000E+00 0.00000E+00

 Mesh Tally Number      2124
 neutron  mesh tally.

 Tally bin boundaries:
    X direction:     -3.00     -1.00      1.00      3.00
    Y direction:     -3.00     -1.00      1.00      3.00
    Z direction:     -3.00     -1.00      1.00      3.00
    Energy bin boundaries: 0.00E+00 1.00E+36

        X         Y         Z     Result     Rel Error
     -2.000    -2.000    -2.000 0.00000E+00 0.00000E+00
     -2.000    -2.000     0.000 0.00000E+00 0.00000E+00
     -2.000    -2.000     2.000 0.00000E+00 0.00000E+00
     -2.000     0.000    -2.000 0.00000E+00 0.00000E+00
     -2.000     0.000     0.000 0.00000E+00 0.00000E+00
     -2.000     0.000     2.000 0.00000E+00 0.00000E+00
     -2.000     2.000    -2.000 0.00000E+00 0.00000E+00
     -2.000     2.000     0.000 0.00000E+00 0.00000E+00
     -2.000     2.000     2.000 0.00000E+00 0.00000E+00
      0.000    -2.000    -2.000 0.00000E+00 0.00000E+00
      0.000    -2.000     0.000 0.00000E+00 0.00000E+00
      0.000    -2.000     2.000 0.00000E+00 0.00000E+00
      0.000     0.000    -2.000 0.00000E+00 0.00000E+00
      0.000     0.000     0.000 1.38374E-01 0.00000E+00
      0.000     0.000     2.000 0.00000E+00 0.00000E+00
      0.000     2.000    -2.000 0.00000E+00 0.00000E+00
      0.000     2.000     0.000 0.00000E+00 0.00000E+00
      0.000     2.000     2.000 0.00000E+00 0.00000E+00
      2.000    -2.000    -2.000 0.00000E+00 0.00000E+00
      2.000    -2.000     0.000 0.00000E+00 0.00000E+00
      2.000    -2.000     2.000 0.00000E+00 0.00000E+00
      2.000     0.000    -2.000 0.00000E+00 0.00000E+00
      2.000     0.000     0.000 0.00000E+00 0.00000E+00
      2.000     0.000     2.000 0.00000E+00 0.00000E+00
      2.000     2.000    -2.000 0.00000E+00 0.00000E+00
      2.000     2.000     0.000 0.00000E+00 0.00000E+00
      2.000     2.000     2.000 0.00000E+00 0.00000E+00

 Mesh Tally Number      2224
 neutron  mesh tally.

 Tally bin boundaries:
    X direction:     -3.00     -1.00      1.00      3.00
    Y direction:     -3.00     -1.00      1.00      3.00
    Z direction:     -3.00     -1.00      1.00      3.00
    Energy bin boundaries: 0.00E+00 1.00E+36

        X         Y         Z     Result     Rel Error
     -2.000    -2.000    -2.000 0.00000E+00 0.00000E+00
     -2.000    -2.000     0.000 0.00000E+00 0.00000E+00
     -2.000    -2.000     2.000 0.00000E+00 0.00000E+00
     -2.000     0.000    -2.000 0.00000E+00 0.00000E+00
     -2.000     0.000     0.000 0.00000E+00 0.00000E+00
     -2.000     0.000     2.000 0.00000E+00 0.00000E+00
     -2.000     2.000    -2.000 0.00000E+00 0.00000E+00
     -2.000     2.000     0.000 0.00000E+00 0.00000E+00
     -2.000     2.000     2.000 0.00000E+00 0.00000E+00
      0.000    -2.000    -2.000 0.00000E+00 0.00000E+00
      0.000    -2.000     0.000 0.00000E+00 0.00000E+00
      0.000    -2.000     2.000 0.00000E+00 0.00000E+00
      0.000     0.000    -2.000 0.00000E+00 0.00000E+00
      0.000     0.000     0.000 1.38374E-01 0.00000E+00
      0.000     0.000     2.000 0.00000E+00 0.00000E+00
      0.000     2.000    -2.000 0.00000E+00 0.00000E+00
      0.000     2.000     0.000 0.00000E+00 0.00000E+00
      0.000     2.000     2.000 0.00000E+00 0.00000E+00
      2.000    -2.000    -2.000 0.00000E+00 0.00000E+00
      2.000    -2.000     0.000 0.00000E+00 0.00000E+00
      2.000    -2.000     2.000 0.00000E+00 0.00000E+00
      2.000     0.000    -2.000 0.00000E+00 0.00000E+00
      2.000     0.000     0.000 0.00000E+00 0.00000E+00
      2.000     0.000     2.000 0.00000E+00 0.00000E+00
      2.000     2.000    -2.000 0.00000E+00 0.00000E+00
      2.000     2.000     0.000 0.00000E+00 0.00000E+00
      2.000     2.000     2.000 0.00000E+00 0.00000E+00

 Mesh Tally Number      2324
 neutron  mesh tally.

 Tally bin boundaries:
    X direction:     -3.00     -1.00      1.00      3.00
    Y direction:     -3.00     -1.00      1.00      3.00
    Z direction:     -3.00     -1.00      1.00      3.00
    Energy bin boundaries: 0.00E+00 1.00E+36

        X         Y         Z     Result     Rel Error
     -2.000    -2.000    -2.000 0.00000E+00 0.00000E+00
     -2.000    -2.000     0.000 0.00000E+00 0.00000E+00
     -2.000    -2.000     2.000 0.00000E+00 0.00000E+00
     -2.000     0.000    -2.000 0.00000E+00 0.00000E+00
     -2.000     0.000     0.000 0.00000E+00 0.00000E+00
     -2.000     0.000     2.000 0.00000E+00 0.00000E+00
     -2.000     2.000    -2.000 0.00000E+00 0.00000E+00
     -2.000     2.000     0.000 0.00000E+00 0.00000E+00
     -2.000     2.000     2.000 0.00000E+00 0.00000E+00
      0.000    -2.000    -2.000 0.00000E+00 0.00000E+00
      0.000    -2.000     0.000 0.00000E+00 0.00000E+00
      0.000    -2.000     2.000 0.00000E+00 0.00000E+00
      0.000     0.000    -2.000 0.00000E+00 0.00000E+00
      0.000     0.000     0.000 0.00000E+00 0.00000E+00
      0.000     0.000     2.000 0.00000E+00 0.00000E+00
      0.000     2.000    -2.000 0.00000E+00 0.00000E+00
      0.000     2.000     0.000 0.00000E+00 0.00000E+00
      0.000     2.000     2.000 0.00000E+00 0.00000E+00
      2.000    -2.000    -2.000 0.00000E+00 0.00000E+00
      2.000    -2.000     0.000 0.00000E+00 0.00000E+00
      2.000    -2.000     2.000 0.00000E+00 0.00000E+00
      2.000     0.000    -2.000 0.00000E+00 0.00000E+00
      2.000     0.000     0.000 0.00000E+00 0.00000E+00
      2.000     0.000     2.000 0.00000E+00 0.00000E+00
      2.000     2.000    -2.000 0.00000E+00 0.00000E+00
      2.000     2.000     0.000 0.00000E+00 0.00000E+00
      2.000     2.000     2.000 0.00000E+00 0.00000E+00
