 C Example Mesh use
 Number of histories used for normalizing tallies =           100.00

 Mesh Tally Number        24
decay photon   mesh tally.
 This mesh tally is a photon source tally.

 Tally bin boundaries:
    X direction:      0.00      7.50     15.00     22.50     30.00
    Y direction:    -50.00    -30.00    -10.00     10.00     30.00     50.00
    Z direction:    -50.00    -16.67     16.67     50.00
    Energy bin boundaries: 0.00E+00 1.00E-01 2.00E-01 5.00E-01 8.00E-01 1.00E+00 1.20E+00 2.00E+00 5.00E+00 1.00E+01

Energy Bin:  0.00E+00 - 1.00E-01 MeV

  Z bin:     -50.00   -   -16.67

     Tally Results:  X (across) by Y (down)
                 3.75       11.25       18.75       26.25
       -40.00 8.01179E-12 0.00000E+00 0.00000E+00 0.00000E+00
       -20.00 1.71668E-09 0.00000E+00 0.00000E+00 0.00000E+00
         0.00 1.22762E-11 3.70545E-12 0.00000E+00 0.00000E+00
        20.00 4.45146E-13 1.85067E-16 0.00000E+00 0.00000E+00
        40.00 1.49600E-11 0.00000E+00 0.00000E+00 0.00000E+00

     Relative Errors
                 3.75       11.25       18.75       26.25
       -40.00 0.87541     0.00000     0.00000     0.00000
       -20.00 0.98976     0.00000     0.00000     0.00000
         0.00 0.76567     0.99482     0.00000     0.00000
        20.00 0.67201     0.99499     0.00000     0.00000
        40.00 0.69740     0.00000     0.00000     0.00000


  Z bin:     -16.67   -    16.67

     Tally Results:  X (across) by Y (down)
                 3.75       11.25       18.75       26.25
       -40.00 6.10319E-12 0.00000E+00 0.00000E+00 0.00000E+00
       -20.00 1.34710E-11 1.36127E-11 0.00000E+00 0.00000E+00
         0.00 5.19280E-11 1.77177E-11 0.00000E+00 0.00000E+00
        20.00 1.54752E-12 0.00000E+00 0.00000E+00 0.00000E+00
        40.00 5.35570E-12 3.62446E-12 0.00000E+00 0.00000E+00

     Relative Errors
                 3.75       11.25       18.75       26.25
       -40.00 0.89756     0.00000     0.00000     0.00000
       -20.00 0.62105     0.68965     0.00000     0.00000
         0.00 0.66286     0.84225     0.00000     0.00000
        20.00 0.82606     0.00000     0.00000     0.00000
        40.00 0.72774     0.99499     0.00000     0.00000


  Z bin:      16.67   -    50.00

     Tally Results:  X (across) by Y (down)
                 3.75       11.25       18.75       26.25
       -40.00 1.06081E-11 0.00000E+00 0.00000E+00 0.00000E+00
       -20.00 4.83052E-13 0.00000E+00 0.00000E+00 0.00000E+00
         0.00 8.09978E-09 2.16679E-14 0.00000E+00 0.00000E+00
        20.00 7.76060E-13 1.23328E-13 0.00000E+00 0.00000E+00
        40.00 1.71564E-12 2.45881E-11 0.00000E+00 0.00000E+00

     Relative Errors
                 3.75       11.25       18.75       26.25
       -40.00 0.93939     0.00000     0.00000     0.00000
       -20.00 0.89276     0.00000     0.00000     0.00000
         0.00 0.99461     0.99499     0.00000     0.00000
        20.00 0.69249     0.87648     0.00000     0.00000
        40.00 0.91595     0.83399     0.00000     0.00000



Energy Bin:  1.00E-01 - 2.00E-01 MeV

  Z bin:     -50.00   -   -16.67

     Tally Results:  X (across) by Y (down)
                 3.75       11.25       18.75       26.25
       -40.00 0.00000E+00 0.00000E+00 0.00000E+00 0.00000E+00
       -20.00 0.00000E+00 0.00000E+00 0.00000E+00 0.00000E+00
         0.00 0.00000E+00 0.00000E+00 0.00000E+00 0.00000E+00
        20.00 0.00000E+00 0.00000E+00 0.00000E+00 0.00000E+00
        40.00 0.00000E+00 0.00000E+00 0.00000E+00 0.00000E+00

     Relative Errors
                 3.75       11.25       18.75       26.25
       -40.00 0.00000     0.00000     0.00000     0.00000
       -20.00 0.00000     0.00000     0.00000     0.00000
         0.00 0.00000     0.00000     0.00000     0.00000
        20.00 0.00000     0.00000     0.00000     0.00000
        40.00 0.00000     0.00000     0.00000     0.00000


  Z bin:     -16.67   -    16.67

     Tally Results:  X (across) by Y (down)
                 3.75       11.25       18.75       26.25
       -40.00 0.00000E+00 0.00000E+00 0.00000E+00 0.00000E+00
       -20.00 0.00000E+00 0.00000E+00 0.00000E+00 0.00000E+00
         0.00 1.86501E-13 1.70147E-16 0.00000E+00 0.00000E+00
        20.00 0.00000E+00 0.00000E+00 0.00000E+00 0.00000E+00
        40.00 0.00000E+00 0.00000E+00 0.00000E+00 0.00000E+00

     Relative Errors
                 3.75       11.25       18.75       26.25
       -40.00 0.00000     0.00000     0.00000     0.00000
       -20.00 0.00000     0.00000     0.00000     0.00000
         0.00 0.99499     0.99499     0.00000     0.00000
        20.00 0.00000     0.00000     0.00000     0.00000
        40.00 0.00000     0.00000     0.00000     0.00000


  Z bin:      16.67   -    50.00

     Tally Results:  X (across) by Y (down)
                 3.75       11.25       18.75       26.25
       -40.00 0.00000E+00 0.00000E+00 0.00000E+00 0.00000E+00
       -20.00 1.79061E-15 0.00000E+00 0.00000E+00 0.00000E+00
         0.00 0.00000E+00 0.00000E+00 0.00000E+00 0.00000E+00
        20.00 9.08457E-12 0.00000E+00 0.00000E+00 0.00000E+00
        40.00 0.00000E+00 0.00000E+00 0.00000E+00 0.00000E+00

     Relative Errors
                 3.75       11.25       18.75       26.25
       -40.00 0.00000     0.00000     0.00000     0.00000
       -20.00 0.74948     0.00000     0.00000     0.00000
         0.00 0.00000     0.00000     0.00000     0.00000
        20.00 0.99499     0.00000     0.00000     0.00000
        40.00 0.00000     0.00000     0.00000     0.00000



Energy Bin:  2.00E-01 - 5.00E-01 MeV

  Z bin:     -50.00   -   -16.67

     Tally Results:  X (across) by Y (down)
                 3.75       11.25       18.75       26.25
       -40.00 0.00000E+00 0.00000E+00 0.00000E+00 0.00000E+00
       -20.00 0.00000E+00 0.00000E+00 0.00000E+00 0.00000E+00
         0.00 0.00000E+00 0.00000E+00 0.00000E+00 0.00000E+00
        20.00 0.00000E+00 0.00000E+00 0.00000E+00 0.00000E+00
        40.00 0.00000E+00 0.00000E+00 0.00000E+00 0.00000E+00

     Relative Errors
                 3.75       11.25       18.75       26.25
       -40.00 0.00000     0.00000     0.00000     0.00000
       -20.00 0.00000     0.00000     0.00000     0.00000
         0.00 0.00000     0.00000     0.00000     0.00000
        20.00 0.00000     0.00000     0.00000     0.00000
        40.00 0.00000     0.00000     0.00000     0.00000


  Z bin:     -16.67   -    16.67

     Tally Results:  X (across) by Y (down)
                 3.75       11.25       18.75       26.25
       -40.00 8.14318E-16 0.00000E+00 0.00000E+00 0.00000E+00
       -20.00 0.00000E+00 0.00000E+00 0.00000E+00 0.00000E+00
         0.00 0.00000E+00 0.00000E+00 0.00000E+00 0.00000E+00
        20.00 2.57760E-15 0.00000E+00 0.00000E+00 0.00000E+00
        40.00 0.00000E+00 0.00000E+00 0.00000E+00 0.00000E+00

     Relative Errors
                 3.75       11.25       18.75       26.25
       -40.00 0.99499     0.00000     0.00000     0.00000
       -20.00 0.00000     0.00000     0.00000     0.00000
         0.00 0.00000     0.00000     0.00000     0.00000
        20.00 0.99499     0.00000     0.00000     0.00000
        40.00 0.00000     0.00000     0.00000     0.00000


  Z bin:      16.67   -    50.00

     Tally Results:  X (across) by Y (down)
                 3.75       11.25       18.75       26.25
       -40.00 0.00000E+00 0.00000E+00 0.00000E+00 0.00000E+00
       -20.00 0.00000E+00 0.00000E+00 0.00000E+00 0.00000E+00
         0.00 0.00000E+00 0.00000E+00 0.00000E+00 0.00000E+00
        20.00 0.00000E+00 0.00000E+00 0.00000E+00 0.00000E+00
        40.00 0.00000E+00 0.00000E+00 0.00000E+00 0.00000E+00

     Relative Errors
                 3.75       11.25       18.75       26.25
       -40.00 0.00000     0.00000     0.00000     0.00000
       -20.00 0.00000     0.00000     0.00000     0.00000
         0.00 0.00000     0.00000     0.00000     0.00000
        20.00 0.00000     0.00000     0.00000     0.00000
        40.00 0.00000     0.00000     0.00000     0.00000



Energy Bin:  5.00E-01 - 8.00E-01 MeV

  Z bin:     -50.00   -   -16.67

     Tally Results:  X (across) by Y (down)
                 3.75       11.25       18.75       26.25
       -40.00 0.00000E+00 0.00000E+00 0.00000E+00 0.00000E+00
       -20.00 0.00000E+00 0.00000E+00 0.00000E+00 0.00000E+00
         0.00 0.00000E+00 0.00000E+00 0.00000E+00 0.00000E+00
        20.00 0.00000E+00 0.00000E+00 0.00000E+00 0.00000E+00
        40.00 0.00000E+00 0.00000E+00 0.00000E+00 0.00000E+00

     Relative Errors
                 3.75       11.25       18.75       26.25
       -40.00 0.00000     0.00000     0.00000     0.00000
       -20.00 0.00000     0.00000     0.00000     0.00000
         0.00 0.00000     0.00000     0.00000     0.00000
        20.00 0.00000     0.00000     0.00000     0.00000
        40.00 0.00000     0.00000     0.00000     0.00000


  Z bin:     -16.67   -    16.67

     Tally Results:  X (across) by Y (down)
                 3.75       11.25       18.75       26.25
       -40.00 0.00000E+00 0.00000E+00 0.00000E+00 0.00000E+00
       -20.00 0.00000E+00 0.00000E+00 0.00000E+00 0.00000E+00
         0.00 0.00000E+00 0.00000E+00 0.00000E+00 0.00000E+00
        20.00 0.00000E+00 0.00000E+00 0.00000E+00 0.00000E+00
        40.00 0.00000E+00 0.00000E+00 0.00000E+00 0.00000E+00

     Relative Errors
                 3.75       11.25       18.75       26.25
       -40.00 0.00000     0.00000     0.00000     0.00000
       -20.00 0.00000     0.00000     0.00000     0.00000
         0.00 0.00000     0.00000     0.00000     0.00000
        20.00 0.00000     0.00000     0.00000     0.00000
        40.00 0.00000     0.00000     0.00000     0.00000


  Z bin:      16.67   -    50.00

     Tally Results:  X (across) by Y (down)
                 3.75       11.25       18.75       26.25
       -40.00 0.00000E+00 0.00000E+00 0.00000E+00 0.00000E+00
       -20.00 0.00000E+00 0.00000E+00 0.00000E+00 0.00000E+00
         0.00 0.00000E+00 0.00000E+00 0.00000E+00 0.00000E+00
        20.00 0.00000E+00 0.00000E+00 0.00000E+00 0.00000E+00
        40.00 0.00000E+00 0.00000E+00 0.00000E+00 0.00000E+00

     Relative Errors
                 3.75       11.25       18.75       26.25
       -40.00 0.00000     0.00000     0.00000     0.00000
       -20.00 0.00000     0.00000     0.00000     0.00000
         0.00 0.00000     0.00000     0.00000     0.00000
        20.00 0.00000     0.00000     0.00000     0.00000
        40.00 0.00000     0.00000     0.00000     0.00000



Energy Bin:  8.00E-01 - 1.00E+00 MeV

  Z bin:     -50.00   -   -16.67

     Tally Results:  X (across) by Y (down)
                 3.75       11.25       18.75       26.25
       -40.00 0.00000E+00 0.00000E+00 0.00000E+00 0.00000E+00
       -20.00 5.12798E-08 0.00000E+00 0.00000E+00 0.00000E+00
         0.00 0.00000E+00 0.00000E+00 0.00000E+00 0.00000E+00
        20.00 0.00000E+00 0.00000E+00 0.00000E+00 0.00000E+00
        40.00 0.00000E+00 0.00000E+00 0.00000E+00 0.00000E+00

     Relative Errors
                 3.75       11.25       18.75       26.25
       -40.00 0.00000     0.00000     0.00000     0.00000
       -20.00 0.99499     0.00000     0.00000     0.00000
         0.00 0.00000     0.00000     0.00000     0.00000
        20.00 0.00000     0.00000     0.00000     0.00000
        40.00 0.00000     0.00000     0.00000     0.00000


  Z bin:     -16.67   -    16.67

     Tally Results:  X (across) by Y (down)
                 3.75       11.25       18.75       26.25
       -40.00 0.00000E+00 0.00000E+00 0.00000E+00 0.00000E+00
       -20.00 0.00000E+00 0.00000E+00 0.00000E+00 0.00000E+00
         0.00 1.94916E-07 0.00000E+00 0.00000E+00 0.00000E+00
        20.00 2.42834E-08 0.00000E+00 0.00000E+00 0.00000E+00
        40.00 4.08067E-07 8.20153E-08 0.00000E+00 0.00000E+00

     Relative Errors
                 3.75       11.25       18.75       26.25
       -40.00 0.00000     0.00000     0.00000     0.00000
       -20.00 0.00000     0.00000     0.00000     0.00000
         0.00 0.99499     0.00000     0.00000     0.00000
        20.00 0.99499     0.00000     0.00000     0.00000
        40.00 0.70969     0.99499     0.00000     0.00000


  Z bin:      16.67   -    50.00

     Tally Results:  X (across) by Y (down)
                 3.75       11.25       18.75       26.25
       -40.00 9.48494E-09 0.00000E+00 0.00000E+00 0.00000E+00
       -20.00 0.00000E+00 0.00000E+00 0.00000E+00 0.00000E+00
         0.00 0.00000E+00 0.00000E+00 0.00000E+00 0.00000E+00
        20.00 0.00000E+00 0.00000E+00 0.00000E+00 0.00000E+00
        40.00 8.96684E-08 0.00000E+00 0.00000E+00 0.00000E+00

     Relative Errors
                 3.75       11.25       18.75       26.25
       -40.00 0.99499     0.00000     0.00000     0.00000
       -20.00 0.00000     0.00000     0.00000     0.00000
         0.00 0.00000     0.00000     0.00000     0.00000
        20.00 0.00000     0.00000     0.00000     0.00000
        40.00 0.94647     0.00000     0.00000     0.00000



Energy Bin:  1.00E+00 - 1.20E+00 MeV

  Z bin:     -50.00   -   -16.67

     Tally Results:  X (across) by Y (down)
                 3.75       11.25       18.75       26.25
       -40.00 2.51850E-16 0.00000E+00 0.00000E+00 0.00000E+00
       -20.00 2.46006E-16 0.00000E+00 0.00000E+00 0.00000E+00
         0.00 2.81109E-15 1.30452E-16 0.00000E+00 0.00000E+00
        20.00 2.12781E-12 0.00000E+00 0.00000E+00 0.00000E+00
        40.00 0.00000E+00 0.00000E+00 0.00000E+00 0.00000E+00

     Relative Errors
                 3.75       11.25       18.75       26.25
       -40.00 0.99499     0.00000     0.00000     0.00000
       -20.00 0.99499     0.00000     0.00000     0.00000
         0.00 0.87025     0.99499     0.00000     0.00000
        20.00 0.99468     0.00000     0.00000     0.00000
        40.00 0.00000     0.00000     0.00000     0.00000


  Z bin:     -16.67   -    16.67

     Tally Results:  X (across) by Y (down)
                 3.75       11.25       18.75       26.25
       -40.00 3.52416E-15 0.00000E+00 0.00000E+00 0.00000E+00
       -20.00 2.02640E-15 6.02490E-13 0.00000E+00 0.00000E+00
         0.00 3.30300E-13 1.48424E-12 0.00000E+00 0.00000E+00
        20.00 1.17915E-14 0.00000E+00 0.00000E+00 0.00000E+00
        40.00 1.36511E-12 0.00000E+00 0.00000E+00 0.00000E+00

     Relative Errors
                 3.75       11.25       18.75       26.25
       -40.00 0.92032     0.00000     0.00000     0.00000
       -20.00 0.91382     0.99499     0.00000     0.00000
         0.00 0.99286     0.99483     0.00000     0.00000
        20.00 0.92605     0.00000     0.00000     0.00000
        40.00 0.79421     0.00000     0.00000     0.00000


  Z bin:      16.67   -    50.00

     Tally Results:  X (across) by Y (down)
                 3.75       11.25       18.75       26.25
       -40.00 0.00000E+00 0.00000E+00 0.00000E+00 0.00000E+00
       -20.00 6.58588E-15 0.00000E+00 0.00000E+00 0.00000E+00
         0.00 4.04828E-12 0.00000E+00 0.00000E+00 0.00000E+00
        20.00 2.93532E-14 0.00000E+00 0.00000E+00 0.00000E+00
        40.00 0.00000E+00 0.00000E+00 0.00000E+00 0.00000E+00

     Relative Errors
                 3.75       11.25       18.75       26.25
       -40.00 0.00000     0.00000     0.00000     0.00000
       -20.00 0.89519     0.00000     0.00000     0.00000
         0.00 0.98398     0.00000     0.00000     0.00000
        20.00 0.79704     0.00000     0.00000     0.00000
        40.00 0.00000     0.00000     0.00000     0.00000



Energy Bin:  1.20E+00 - 2.00E+00 MeV

  Z bin:     -50.00   -   -16.67

     Tally Results:  X (across) by Y (down)
                 3.75       11.25       18.75       26.25
       -40.00 1.31596E-14 0.00000E+00 0.00000E+00 0.00000E+00
       -20.00 0.00000E+00 8.84989E-14 0.00000E+00 0.00000E+00
         0.00 3.76008E-12 1.40259E-16 0.00000E+00 0.00000E+00
        20.00 2.46881E-14 0.00000E+00 0.00000E+00 0.00000E+00
        40.00 0.00000E+00 0.00000E+00 0.00000E+00 0.00000E+00

     Relative Errors
                 3.75       11.25       18.75       26.25
       -40.00 0.96911     0.00000     0.00000     0.00000
       -20.00 0.00000     0.99499     0.00000     0.00000
         0.00 0.99359     0.99499     0.00000     0.00000
        20.00 0.99499     0.00000     0.00000     0.00000
        40.00 0.00000     0.00000     0.00000     0.00000


  Z bin:     -16.67   -    16.67

     Tally Results:  X (across) by Y (down)
                 3.75       11.25       18.75       26.25
       -40.00 3.60454E-15 0.00000E+00 0.00000E+00 0.00000E+00
       -20.00 9.42034E-16 0.00000E+00 0.00000E+00 0.00000E+00
         0.00 5.56210E-14 2.29992E-16 0.00000E+00 0.00000E+00
        20.00 2.16331E-16 0.00000E+00 0.00000E+00 0.00000E+00
        40.00 4.10507E-15 0.00000E+00 0.00000E+00 0.00000E+00

     Relative Errors
                 3.75       11.25       18.75       26.25
       -40.00 0.92136     0.00000     0.00000     0.00000
       -20.00 0.99499     0.00000     0.00000     0.00000
         0.00 0.98770     0.77209     0.00000     0.00000
        20.00 0.99499     0.00000     0.00000     0.00000
        40.00 0.99499     0.00000     0.00000     0.00000


  Z bin:      16.67   -    50.00

     Tally Results:  X (across) by Y (down)
                 3.75       11.25       18.75       26.25
       -40.00 0.00000E+00 0.00000E+00 0.00000E+00 0.00000E+00
       -20.00 3.72461E-15 0.00000E+00 0.00000E+00 0.00000E+00
         0.00 8.71827E-15 0.00000E+00 0.00000E+00 0.00000E+00
        20.00 2.45888E-14 7.70285E-15 0.00000E+00 0.00000E+00
        40.00 1.86189E-14 1.33394E-12 0.00000E+00 0.00000E+00

     Relative Errors
                 3.75       11.25       18.75       26.25
       -40.00 0.00000     0.00000     0.00000     0.00000
       -20.00 0.84604     0.00000     0.00000     0.00000
         0.00 0.99499     0.00000     0.00000     0.00000
        20.00 0.90349     0.99499     0.00000     0.00000
        40.00 0.99499     0.99499     0.00000     0.00000



Energy Bin:  2.00E+00 - 5.00E+00 MeV

  Z bin:     -50.00   -   -16.67

     Tally Results:  X (across) by Y (down)
                 3.75       11.25       18.75       26.25
       -40.00 0.00000E+00 0.00000E+00 0.00000E+00 0.00000E+00
       -20.00 0.00000E+00 0.00000E+00 0.00000E+00 0.00000E+00
         0.00 0.00000E+00 0.00000E+00 0.00000E+00 0.00000E+00
        20.00 0.00000E+00 0.00000E+00 0.00000E+00 0.00000E+00
        40.00 0.00000E+00 0.00000E+00 0.00000E+00 0.00000E+00

     Relative Errors
                 3.75       11.25       18.75       26.25
       -40.00 0.00000     0.00000     0.00000     0.00000
       -20.00 0.00000     0.00000     0.00000     0.00000
         0.00 0.00000     0.00000     0.00000     0.00000
        20.00 0.00000     0.00000     0.00000     0.00000
        40.00 0.00000     0.00000     0.00000     0.00000


  Z bin:     -16.67   -    16.67

     Tally Results:  X (across) by Y (down)
                 3.75       11.25       18.75       26.25
       -40.00 0.00000E+00 0.00000E+00 0.00000E+00 0.00000E+00
       -20.00 0.00000E+00 0.00000E+00 0.00000E+00 0.00000E+00
         0.00 0.00000E+00 0.00000E+00 0.00000E+00 0.00000E+00
        20.00 0.00000E+00 0.00000E+00 0.00000E+00 0.00000E+00
        40.00 1.10393E-07 0.00000E+00 0.00000E+00 0.00000E+00

     Relative Errors
                 3.75       11.25       18.75       26.25
       -40.00 0.00000     0.00000     0.00000     0.00000
       -20.00 0.00000     0.00000     0.00000     0.00000
         0.00 0.00000     0.00000     0.00000     0.00000
        20.00 0.00000     0.00000     0.00000     0.00000
        40.00 0.99499     0.00000     0.00000     0.00000


  Z bin:      16.67   -    50.00

     Tally Results:  X (across) by Y (down)
                 3.75       11.25       18.75       26.25
       -40.00 0.00000E+00 0.00000E+00 0.00000E+00 0.00000E+00
       -20.00 0.00000E+00 0.00000E+00 0.00000E+00 0.00000E+00
         0.00 0.00000E+00 0.00000E+00 0.00000E+00 0.00000E+00
        20.00 0.00000E+00 0.00000E+00 0.00000E+00 0.00000E+00
        40.00 8.79979E-08 0.00000E+00 0.00000E+00 0.00000E+00

     Relative Errors
                 3.75       11.25       18.75       26.25
       -40.00 0.00000     0.00000     0.00000     0.00000
       -20.00 0.00000     0.00000     0.00000     0.00000
         0.00 0.00000     0.00000     0.00000     0.00000
        20.00 0.00000     0.00000     0.00000     0.00000
        40.00 0.99499     0.00000     0.00000     0.00000



Energy Bin:  5.00E+00 - 1.00E+01 MeV

  Z bin:     -50.00   -   -16.67

     Tally Results:  X (across) by Y (down)
                 3.75       11.25       18.75       26.25
       -40.00 0.00000E+00 0.00000E+00 0.00000E+00 0.00000E+00
       -20.00 0.00000E+00 0.00000E+00 0.00000E+00 0.00000E+00
         0.00 0.00000E+00 0.00000E+00 0.00000E+00 0.00000E+00
        20.00 0.00000E+00 0.00000E+00 0.00000E+00 0.00000E+00
        40.00 0.00000E+00 0.00000E+00 0.00000E+00 0.00000E+00

     Relative Errors
                 3.75       11.25       18.75       26.25
       -40.00 0.00000     0.00000     0.00000     0.00000
       -20.00 0.00000     0.00000     0.00000     0.00000
         0.00 0.00000     0.00000     0.00000     0.00000
        20.00 0.00000     0.00000     0.00000     0.00000
        40.00 0.00000     0.00000     0.00000     0.00000


  Z bin:     -16.67   -    16.67

     Tally Results:  X (across) by Y (down)
                 3.75       11.25       18.75       26.25
       -40.00 0.00000E+00 0.00000E+00 0.00000E+00 0.00000E+00
       -20.00 0.00000E+00 0.00000E+00 0.00000E+00 0.00000E+00
         0.00 0.00000E+00 0.00000E+00 0.00000E+00 0.00000E+00
        20.00 0.00000E+00 0.00000E+00 0.00000E+00 0.00000E+00
        40.00 0.00000E+00 0.00000E+00 0.00000E+00 0.00000E+00

     Relative Errors
                 3.75       11.25       18.75       26.25
       -40.00 0.00000     0.00000     0.00000     0.00000
       -20.00 0.00000     0.00000     0.00000     0.00000
         0.00 0.00000     0.00000     0.00000     0.00000
        20.00 0.00000     0.00000     0.00000     0.00000
        40.00 0.00000     0.00000     0.00000     0.00000


  Z bin:      16.67   -    50.00

     Tally Results:  X (across) by Y (down)
                 3.75       11.25       18.75       26.25
       -40.00 0.00000E+00 0.00000E+00 0.00000E+00 0.00000E+00
       -20.00 0.00000E+00 0.00000E+00 0.00000E+00 0.00000E+00
         0.00 0.00000E+00 0.00000E+00 0.00000E+00 0.00000E+00
        20.00 0.00000E+00 0.00000E+00 0.00000E+00 0.00000E+00
        40.00 0.00000E+00 0.00000E+00 0.00000E+00 0.00000E+00

     Relative Errors
                 3.75       11.25       18.75       26.25
       -40.00 0.00000     0.00000     0.00000     0.00000
       -20.00 0.00000     0.00000     0.00000     0.00000
         0.00 0.00000     0.00000     0.00000     0.00000
        20.00 0.00000     0.00000     0.00000     0.00000
        40.00 0.00000     0.00000     0.00000     0.00000



Total Energy Bin

  Z bin:     -50.00   -   -16.67

     Tally Results:  X (across) by Y (down)
                 3.75       11.25       18.75       26.25
       -40.00 8.02520E-12 0.00000E+00 0.00000E+00 0.00000E+00
       -20.00 5.29965E-08 8.84989E-14 0.00000E+00 0.00000E+00
         0.00 1.60391E-11 3.70572E-12 0.00000E+00 0.00000E+00
        20.00 2.59765E-12 1.85067E-16 0.00000E+00 0.00000E+00
        40.00 1.49600E-11 0.00000E+00 0.00000E+00 0.00000E+00

     Relative Errors
                 3.75       11.25       18.75       26.25
       -40.00 0.87394     0.00000     0.00000     0.00000
       -20.00 0.96307     0.99499     0.00000     0.00000
         0.00 0.81465     0.99474     0.00000     0.00000
        20.00 0.83066     0.99499     0.00000     0.00000
        40.00 0.69740     0.00000     0.00000     0.00000


  Z bin:     -16.67   -    16.67

     Tally Results:  X (across) by Y (down)
                 3.75       11.25       18.75       26.25
       -40.00 6.11113E-12 0.00000E+00 0.00000E+00 0.00000E+00
       -20.00 1.34740E-11 1.42152E-11 0.00000E+00 0.00000E+00
         0.00 1.94969E-07 1.92024E-11 0.00000E+00 0.00000E+00
        20.00 2.42849E-08 0.00000E+00 0.00000E+00 0.00000E+00
        40.00 5.18467E-07 8.20190E-08 0.00000E+00 0.00000E+00

     Relative Errors
                 3.75       11.25       18.75       26.25
       -40.00 0.89639     0.00000     0.00000     0.00000
       -20.00 0.62091     0.69890     0.00000     0.00000
         0.00 0.99485     0.79486     0.00000     0.00000
        20.00 0.99492     0.00000     0.00000     0.00000
        40.00 0.74083     0.99494     0.00000     0.00000


  Z bin:      16.67   -    50.00

     Tally Results:  X (across) by Y (down)
                 3.75       11.25       18.75       26.25
       -40.00 9.49554E-09 0.00000E+00 0.00000E+00 0.00000E+00
       -20.00 4.95154E-13 0.00000E+00 0.00000E+00 0.00000E+00
         0.00 8.10383E-09 2.16679E-14 0.00000E+00 0.00000E+00
        20.00 9.91457E-12 1.31031E-13 0.00000E+00 0.00000E+00
        40.00 1.77668E-07 2.59220E-11 0.00000E+00 0.00000E+00

     Relative Errors
                 3.75       11.25       18.75       26.25
       -40.00 0.99492     0.00000     0.00000     0.00000
       -20.00 0.87306     0.00000     0.00000     0.00000
         0.00 0.99411     0.99499     0.00000     0.00000
        20.00 0.91259     0.83482     0.00000     0.00000
        40.00 0.97016     0.79212     0.00000     0.00000


