 MCNP XS LEAK SPHERE TEST INPUT VRT
 Number of histories used for normalizing tallies =      17773029.00

 Mesh Tally Number       124
     Neutron Flux mesh                                                          
 neutron  mesh tally.

 Tally bin boundaries:
    X direction:    -50.00    -40.00    -30.00    -20.00    -10.00      0.00     10.00     20.00     30.00     40.00     50.00
    Y direction:    -50.00    -40.00    -30.00    -20.00    -10.00      0.00     10.00     20.00     30.00     40.00     50.00
    Z direction:    -50.00    -40.00    -30.00    -20.00    -10.00      0.00     10.00     20.00     30.00     40.00     50.00
    Energy bin boundaries: 0.00E+00 1.00E+36

        X         Y         Z     Result     Rel Error
    -45.000   -45.000   -45.000 0.00000E+00 0.00000E+00
    -45.000   -45.000   -35.000 0.00000E+00 0.00000E+00
    -45.000   -45.000   -25.000 0.00000E+00 0.00000E+00
    -45.000   -45.000   -15.000 0.00000E+00 0.00000E+00
    -45.000   -45.000    -5.000 0.00000E+00 0.00000E+00
    -45.000   -45.000     5.000 0.00000E+00 0.00000E+00
    -45.000   -45.000    15.000 0.00000E+00 0.00000E+00
    -45.000   -45.000    25.000 0.00000E+00 0.00000E+00
    -45.000   -45.000    35.000 0.00000E+00 0.00000E+00
    -45.000   -45.000    45.000 0.00000E+00 0.00000E+00
    -45.000   -35.000   -45.000 0.00000E+00 0.00000E+00
    -45.000   -35.000   -35.000 0.00000E+00 0.00000E+00
    -45.000   -35.000   -25.000 0.00000E+00 0.00000E+00
    -45.000   -35.000   -15.000 0.00000E+00 0.00000E+00
    -45.000   -35.000    -5.000 0.00000E+00 0.00000E+00
    -45.000   -35.000     5.000 0.00000E+00 0.00000E+00
    -45.000   -35.000    15.000 0.00000E+00 0.00000E+00
    -45.000   -35.000    25.000 0.00000E+00 0.00000E+00
    -45.000   -35.000    35.000 0.00000E+00 0.00000E+00
    -45.000   -35.000    45.000 0.00000E+00 0.00000E+00
    -45.000   -25.000   -45.000 0.00000E+00 0.00000E+00
    -45.000   -25.000   -35.000 0.00000E+00 0.00000E+00
    -45.000   -25.000   -25.000 2.74939E-09 1.03794E-01
    -45.000   -25.000   -15.000 3.59541E-07 2.46994E-02
    -45.000   -25.000    -5.000 1.20463E-06 1.80210E-02
    -45.000   -25.000     5.000 1.25016E-06 1.79777E-02
    -45.000   -25.000    15.000 3.87329E-07 2.45556E-02
    -45.000   -25.000    25.000 2.36560E-09 1.12571E-01
    -45.000   -25.000    35.000 0.00000E+00 0.00000E+00
    -45.000   -25.000    45.000 0.00000E+00 0.00000E+00
    -45.000   -15.000   -45.000 0.00000E+00 0.00000E+00
    -45.000   -15.000   -35.000 0.00000E+00 0.00000E+00
    -45.000   -15.000   -25.000 3.68500E-07 2.49153E-02
    -45.000   -15.000   -15.000 2.79646E-06 1.47604E-02
    -45.000   -15.000    -5.000 4.99122E-06 1.23570E-02
    -45.000   -15.000     5.000 5.06214E-06 1.23083E-02
    -45.000   -15.000    15.000 2.83842E-06 1.45151E-02
    -45.000   -15.000    25.000 3.88145E-07 2.51313E-02
    -45.000   -15.000    35.000 0.00000E+00 0.00000E+00
    -45.000   -15.000    45.000 0.00000E+00 0.00000E+00
    -45.000    -5.000   -45.000 0.00000E+00 0.00000E+00
    -45.000    -5.000   -35.000 0.00000E+00 0.00000E+00
    -45.000    -5.000   -25.000 1.22555E-06 1.78423E-02
    -45.000    -5.000   -15.000 5.13646E-06 1.22823E-02
    -45.000    -5.000    -5.000 8.22919E-06 1.04789E-02
    -45.000    -5.000     5.000 8.15004E-06 1.05381E-02
    -45.000    -5.000    15.000 4.99101E-06 1.23703E-02
    -45.000    -5.000    25.000 1.23943E-06 1.79769E-02
    -45.000    -5.000    35.000 0.00000E+00 0.00000E+00
    -45.000    -5.000    45.000 0.00000E+00 0.00000E+00
    -45.000     5.000   -45.000 0.00000E+00 0.00000E+00
    -45.000     5.000   -35.000 0.00000E+00 0.00000E+00
    -45.000     5.000   -25.000 1.23904E-06 1.80540E-02
    -45.000     5.000   -15.000 5.08606E-06 1.23198E-02
    -45.000     5.000    -5.000 8.17810E-06 1.05711E-02
    -45.000     5.000     5.000 8.33589E-06 1.06353E-02
    -45.000     5.000    15.000 5.05595E-06 1.22312E-02
    -45.000     5.000    25.000 1.20844E-06 1.79094E-02
    -45.000     5.000    35.000 0.00000E+00 0.00000E+00
    -45.000     5.000    45.000 0.00000E+00 0.00000E+00
    -45.000    15.000   -45.000 0.00000E+00 0.00000E+00
    -45.000    15.000   -35.000 0.00000E+00 0.00000E+00
    -45.000    15.000   -25.000 3.59857E-07 2.48429E-02
    -45.000    15.000   -15.000 2.84128E-06 1.47016E-02
    -45.000    15.000    -5.000 5.01396E-06 1.22965E-02
    -45.000    15.000     5.000 5.05686E-06 1.22998E-02
    -45.000    15.000    15.000 2.80689E-06 1.46226E-02
    -45.000    15.000    25.000 3.81296E-07 2.40973E-02
    -45.000    15.000    35.000 0.00000E+00 0.00000E+00
    -45.000    15.000    45.000 0.00000E+00 0.00000E+00
    -45.000    25.000   -45.000 0.00000E+00 0.00000E+00
    -45.000    25.000   -35.000 0.00000E+00 0.00000E+00
    -45.000    25.000   -25.000 2.32967E-09 1.15397E-01
    -45.000    25.000   -15.000 3.63750E-07 2.41811E-02
    -45.000    25.000    -5.000 1.22149E-06 1.80685E-02
    -45.000    25.000     5.000 1.19520E-06 1.79461E-02
    -45.000    25.000    15.000 3.81524E-07 2.45568E-02
    -45.000    25.000    25.000 2.59598E-09 1.08382E-01
    -45.000    25.000    35.000 0.00000E+00 0.00000E+00
    -45.000    25.000    45.000 0.00000E+00 0.00000E+00
    -45.000    35.000   -45.000 0.00000E+00 0.00000E+00
    -45.000    35.000   -35.000 0.00000E+00 0.00000E+00
    -45.000    35.000   -25.000 0.00000E+00 0.00000E+00
    -45.000    35.000   -15.000 0.00000E+00 0.00000E+00
    -45.000    35.000    -5.000 0.00000E+00 0.00000E+00
    -45.000    35.000     5.000 0.00000E+00 0.00000E+00
    -45.000    35.000    15.000 0.00000E+00 0.00000E+00
    -45.000    35.000    25.000 0.00000E+00 0.00000E+00
    -45.000    35.000    35.000 0.00000E+00 0.00000E+00
    -45.000    35.000    45.000 0.00000E+00 0.00000E+00
    -45.000    45.000   -45.000 0.00000E+00 0.00000E+00
    -45.000    45.000   -35.000 0.00000E+00 0.00000E+00
    -45.000    45.000   -25.000 0.00000E+00 0.00000E+00
    -45.000    45.000   -15.000 0.00000E+00 0.00000E+00
    -45.000    45.000    -5.000 0.00000E+00 0.00000E+00
    -45.000    45.000     5.000 0.00000E+00 0.00000E+00
    -45.000    45.000    15.000 0.00000E+00 0.00000E+00
    -45.000    45.000    25.000 0.00000E+00 0.00000E+00
    -45.000    45.000    35.000 0.00000E+00 0.00000E+00
    -45.000    45.000    45.000 0.00000E+00 0.00000E+00
    -35.000   -45.000   -45.000 0.00000E+00 0.00000E+00
    -35.000   -45.000   -35.000 0.00000E+00 0.00000E+00
    -35.000   -45.000   -25.000 0.00000E+00 0.00000E+00
    -35.000   -45.000   -15.000 0.00000E+00 0.00000E+00
    -35.000   -45.000    -5.000 0.00000E+00 0.00000E+00
    -35.000   -45.000     5.000 0.00000E+00 0.00000E+00
    -35.000   -45.000    15.000 0.00000E+00 0.00000E+00
    -35.000   -45.000    25.000 0.00000E+00 0.00000E+00
    -35.000   -45.000    35.000 0.00000E+00 0.00000E+00
    -35.000   -45.000    45.000 0.00000E+00 0.00000E+00
    -35.000   -35.000   -45.000 0.00000E+00 0.00000E+00
    -35.000   -35.000   -35.000 0.00000E+00 0.00000E+00
    -35.000   -35.000   -25.000 8.49464E-08 3.79670E-02
    -35.000   -35.000   -15.000 1.18057E-06 1.84986E-02
    -35.000   -35.000    -5.000 2.71682E-06 1.46798E-02
    -35.000   -35.000     5.000 2.68636E-06 1.47030E-02
    -35.000   -35.000    15.000 1.18159E-06 1.83792E-02
    -35.000   -35.000    25.000 8.33870E-08 4.00101E-02
    -35.000   -35.000    35.000 0.00000E+00 0.00000E+00
    -35.000   -35.000    45.000 0.00000E+00 0.00000E+00
    -35.000   -25.000   -45.000 0.00000E+00 0.00000E+00
    -35.000   -25.000   -35.000 8.07856E-08 4.00621E-02
    -35.000   -25.000   -25.000 2.69876E-06 1.45139E-02
    -35.000   -25.000   -15.000 8.29856E-06 1.05194E-02
    -35.000   -25.000    -5.000 1.23775E-05 8.97888E-03
    -35.000   -25.000     5.000 1.22868E-05 8.98197E-03
    -35.000   -25.000    15.000 8.40964E-06 1.04446E-02
    -35.000   -25.000    25.000 2.70555E-06 1.48040E-02
    -35.000   -25.000    35.000 8.83472E-08 3.92849E-02
    -35.000   -25.000    45.000 0.00000E+00 0.00000E+00
    -35.000   -15.000   -45.000 0.00000E+00 0.00000E+00
    -35.000   -15.000   -35.000 1.17233E-06 1.87494E-02
    -35.000   -15.000   -25.000 8.15979E-06 1.05412E-02
    -35.000   -15.000   -15.000 1.71633E-05 7.71393E-03
    -35.000   -15.000    -5.000 2.46126E-05 6.51515E-03
    -35.000   -15.000     5.000 2.46517E-05 6.48928E-03
    -35.000   -15.000    15.000 1.75301E-05 7.66308E-03
    -35.000   -15.000    25.000 8.25148E-06 1.05028E-02
    -35.000   -15.000    35.000 1.16508E-06 1.84217E-02
    -35.000   -15.000    45.000 0.00000E+00 0.00000E+00
    -35.000    -5.000   -45.000 0.00000E+00 0.00000E+00
    -35.000    -5.000   -35.000 2.76239E-06 1.46404E-02
    -35.000    -5.000   -25.000 1.24260E-05 9.00379E-03
    -35.000    -5.000   -15.000 2.44040E-05 6.52811E-03
    -35.000    -5.000    -5.000 3.52162E-05 5.44696E-03
    -35.000    -5.000     5.000 3.51763E-05 5.42970E-03
    -35.000    -5.000    15.000 2.46753E-05 6.48475E-03
    -35.000    -5.000    25.000 1.21603E-05 9.06269E-03
    -35.000    -5.000    35.000 2.68452E-06 1.46791E-02
    -35.000    -5.000    45.000 0.00000E+00 0.00000E+00
    -35.000     5.000   -45.000 0.00000E+00 0.00000E+00
    -35.000     5.000   -35.000 2.73980E-06 1.47103E-02
    -35.000     5.000   -25.000 1.22204E-05 9.00629E-03
    -35.000     5.000   -15.000 2.42811E-05 6.53549E-03
    -35.000     5.000    -5.000 3.47350E-05 5.46739E-03
    -35.000     5.000     5.000 3.55048E-05 5.43257E-03
    -35.000     5.000    15.000 2.44954E-05 6.49813E-03
    -35.000     5.000    25.000 1.20710E-05 9.06253E-03
    -35.000     5.000    35.000 2.73729E-06 1.46599E-02
    -35.000     5.000    45.000 0.00000E+00 0.00000E+00
    -35.000    15.000   -45.000 0.00000E+00 0.00000E+00
    -35.000    15.000   -35.000 1.19437E-06 1.84748E-02
    -35.000    15.000   -25.000 8.33733E-06 1.05099E-02
    -35.000    15.000   -15.000 1.75094E-05 7.65522E-03
    -35.000    15.000    -5.000 2.45565E-05 6.53410E-03
    -35.000    15.000     5.000 2.43634E-05 6.54532E-03
    -35.000    15.000    15.000 1.71271E-05 7.70842E-03
    -35.000    15.000    25.000 8.43354E-06 1.05431E-02
    -35.000    15.000    35.000 1.18650E-06 1.83897E-02
    -35.000    15.000    45.000 0.00000E+00 0.00000E+00
    -35.000    25.000   -45.000 0.00000E+00 0.00000E+00
    -35.000    25.000   -35.000 7.82058E-08 4.06904E-02
    -35.000    25.000   -25.000 2.74851E-06 1.46371E-02
    -35.000    25.000   -15.000 8.46727E-06 1.04250E-02
    -35.000    25.000    -5.000 1.23325E-05 9.03305E-03
    -35.000    25.000     5.000 1.22521E-05 9.02880E-03
    -35.000    25.000    15.000 8.28821E-06 1.05483E-02
    -35.000    25.000    25.000 2.70986E-06 1.45443E-02
    -35.000    25.000    35.000 8.38042E-08 4.07985E-02
    -35.000    25.000    45.000 0.00000E+00 0.00000E+00
    -35.000    35.000   -45.000 0.00000E+00 0.00000E+00
    -35.000    35.000   -35.000 0.00000E+00 0.00000E+00
    -35.000    35.000   -25.000 9.09312E-08 3.93450E-02
    -35.000    35.000   -15.000 1.18601E-06 1.87407E-02
    -35.000    35.000    -5.000 2.78738E-06 1.45271E-02
    -35.000    35.000     5.000 2.79793E-06 1.45757E-02
    -35.000    35.000    15.000 1.21440E-06 1.82285E-02
    -35.000    35.000    25.000 8.52819E-08 4.01184E-02
    -35.000    35.000    35.000 0.00000E+00 0.00000E+00
    -35.000    35.000    45.000 0.00000E+00 0.00000E+00
    -35.000    45.000   -45.000 0.00000E+00 0.00000E+00
    -35.000    45.000   -35.000 0.00000E+00 0.00000E+00
    -35.000    45.000   -25.000 0.00000E+00 0.00000E+00
    -35.000    45.000   -15.000 0.00000E+00 0.00000E+00
    -35.000    45.000    -5.000 0.00000E+00 0.00000E+00
    -35.000    45.000     5.000 0.00000E+00 0.00000E+00
    -35.000    45.000    15.000 0.00000E+00 0.00000E+00
    -35.000    45.000    25.000 0.00000E+00 0.00000E+00
    -35.000    45.000    35.000 0.00000E+00 0.00000E+00
    -35.000    45.000    45.000 0.00000E+00 0.00000E+00
    -25.000   -45.000   -45.000 0.00000E+00 0.00000E+00
    -25.000   -45.000   -35.000 0.00000E+00 0.00000E+00
    -25.000   -45.000   -25.000 3.05984E-09 1.10076E-01
    -25.000   -45.000   -15.000 3.69635E-07 2.44564E-02
    -25.000   -45.000    -5.000 1.22518E-06 1.83123E-02
    -25.000   -45.000     5.000 1.23806E-06 1.78365E-02
    -25.000   -45.000    15.000 3.75819E-07 2.41974E-02
    -25.000   -45.000    25.000 2.73552E-09 1.06112E-01
    -25.000   -45.000    35.000 0.00000E+00 0.00000E+00
    -25.000   -45.000    45.000 0.00000E+00 0.00000E+00
    -25.000   -35.000   -45.000 0.00000E+00 0.00000E+00
    -25.000   -35.000   -35.000 7.53347E-08 3.98426E-02
    -25.000   -35.000   -25.000 2.68319E-06 1.46311E-02
    -25.000   -35.000   -15.000 8.33645E-06 1.05760E-02
    -25.000   -35.000    -5.000 1.22228E-05 9.03590E-03
    -25.000   -35.000     5.000 1.23067E-05 8.98211E-03
    -25.000   -35.000    15.000 8.45692E-06 1.05042E-02
    -25.000   -35.000    25.000 2.76975E-06 1.47089E-02
    -25.000   -35.000    35.000 8.59610E-08 4.08838E-02
    -25.000   -35.000    45.000 0.00000E+00 0.00000E+00
    -25.000   -25.000   -45.000 2.90076E-09 1.12491E-01
    -25.000   -25.000   -35.000 2.70472E-06 1.47653E-02
    -25.000   -25.000   -25.000 1.23314E-05 9.03721E-03
    -25.000   -25.000   -15.000 2.43377E-05 6.50446E-03
    -25.000   -25.000    -5.000 3.53296E-05 5.44510E-03
    -25.000   -25.000     5.000 3.51002E-05 5.44322E-03
    -25.000   -25.000    15.000 2.44279E-05 6.47932E-03
    -25.000   -25.000    25.000 1.22471E-05 9.00745E-03
    -25.000   -25.000    35.000 2.73206E-06 1.45833E-02
    -25.000   -25.000    45.000 2.47231E-09 1.16666E-01
    -25.000   -15.000   -45.000 3.72415E-07 2.43743E-02
    -25.000   -15.000   -35.000 8.25703E-06 1.05255E-02
    -25.000   -15.000   -25.000 2.43321E-05 6.51094E-03
    -25.000   -15.000   -15.000 5.26853E-05 4.43666E-03
    -25.000   -15.000    -5.000 8.34711E-05 3.50954E-03
    -25.000   -15.000     5.000 8.37658E-05 3.50454E-03
    -25.000   -15.000    15.000 5.24109E-05 4.44193E-03
    -25.000   -15.000    25.000 2.41866E-05 6.58380E-03
    -25.000   -15.000    35.000 8.05954E-06 1.05988E-02
    -25.000   -15.000    45.000 3.70494E-07 2.53739E-02
    -25.000    -5.000   -45.000 1.20469E-06 1.79405E-02
    -25.000    -5.000   -35.000 1.21261E-05 9.02536E-03
    -25.000    -5.000   -25.000 3.51032E-05 5.45264E-03
    -25.000    -5.000   -15.000 8.32116E-05 3.50986E-03
    -25.000    -5.000    -5.000 1.44726E-04 2.65708E-03
    -25.000    -5.000     5.000 1.44615E-04 2.65966E-03
    -25.000    -5.000    15.000 8.35595E-05 3.51112E-03
    -25.000    -5.000    25.000 3.51930E-05 5.44230E-03
    -25.000    -5.000    35.000 1.22759E-05 9.06868E-03
    -25.000    -5.000    45.000 1.18317E-06 1.80906E-02
    -25.000     5.000   -45.000 1.19917E-06 1.78704E-02
    -25.000     5.000   -35.000 1.22233E-05 9.05473E-03
    -25.000     5.000   -25.000 3.51009E-05 5.42546E-03
    -25.000     5.000   -15.000 8.27295E-05 3.52735E-03
    -25.000     5.000    -5.000 1.44238E-04 2.65980E-03
    -25.000     5.000     5.000 1.44789E-04 2.65788E-03
    -25.000     5.000    15.000 8.30859E-05 3.51803E-03
    -25.000     5.000    25.000 3.54849E-05 5.43383E-03
    -25.000     5.000    35.000 1.23697E-05 8.94508E-03
    -25.000     5.000    45.000 1.22183E-06 1.80715E-02
    -25.000    15.000   -45.000 3.71039E-07 2.44543E-02
    -25.000    15.000   -35.000 8.38359E-06 1.04934E-02
    -25.000    15.000   -25.000 2.45869E-05 6.51362E-03
    -25.000    15.000   -15.000 5.23965E-05 4.44920E-03
    -25.000    15.000    -5.000 8.31034E-05 3.52199E-03
    -25.000    15.000     5.000 8.34352E-05 3.52227E-03
    -25.000    15.000    15.000 5.24786E-05 4.44921E-03
    -25.000    15.000    25.000 2.47162E-05 6.49974E-03
    -25.000    15.000    35.000 8.31876E-06 1.05177E-02
    -25.000    15.000    45.000 3.81302E-07 2.51096E-02
    -25.000    25.000   -45.000 2.57839E-09 1.32264E-01
    -25.000    25.000   -35.000 2.69359E-06 1.48774E-02
    -25.000    25.000   -25.000 1.22890E-05 9.00568E-03
    -25.000    25.000   -15.000 2.44740E-05 6.51994E-03
    -25.000    25.000    -5.000 3.52044E-05 5.46046E-03
    -25.000    25.000     5.000 3.53754E-05 5.42995E-03
    -25.000    25.000    15.000 2.44392E-05 6.49505E-03
    -25.000    25.000    25.000 1.23532E-05 9.04655E-03
    -25.000    25.000    35.000 2.75029E-06 1.47881E-02
    -25.000    25.000    45.000 2.72499E-09 1.12686E-01
    -25.000    35.000   -45.000 0.00000E+00 0.00000E+00
    -25.000    35.000   -35.000 8.01572E-08 3.85049E-02
    -25.000    35.000   -25.000 2.73141E-06 1.46157E-02
    -25.000    35.000   -15.000 8.28406E-06 1.06038E-02
    -25.000    35.000    -5.000 1.22854E-05 9.02297E-03
    -25.000    35.000     5.000 1.25355E-05 8.99447E-03
    -25.000    35.000    15.000 8.27906E-06 1.04463E-02
    -25.000    35.000    25.000 2.68081E-06 1.46534E-02
    -25.000    35.000    35.000 8.04686E-08 3.93956E-02
    -25.000    35.000    45.000 0.00000E+00 0.00000E+00
    -25.000    45.000   -45.000 0.00000E+00 0.00000E+00
    -25.000    45.000   -35.000 0.00000E+00 0.00000E+00
    -25.000    45.000   -25.000 2.83914E-09 1.08616E-01
    -25.000    45.000   -15.000 3.83313E-07 2.50263E-02
    -25.000    45.000    -5.000 1.21787E-06 1.79150E-02
    -25.000    45.000     5.000 1.26859E-06 1.75256E-02
    -25.000    45.000    15.000 3.86499E-07 2.49501E-02
    -25.000    45.000    25.000 2.75231E-09 1.12763E-01
    -25.000    45.000    35.000 0.00000E+00 0.00000E+00
    -25.000    45.000    45.000 0.00000E+00 0.00000E+00
    -15.000   -45.000   -45.000 0.00000E+00 0.00000E+00
    -15.000   -45.000   -35.000 0.00000E+00 0.00000E+00
    -15.000   -45.000   -25.000 3.80099E-07 2.47166E-02
    -15.000   -45.000   -15.000 2.80909E-06 1.45593E-02
    -15.000   -45.000    -5.000 5.01940E-06 1.23850E-02
    -15.000   -45.000     5.000 5.18897E-06 1.22869E-02
    -15.000   -45.000    15.000 2.78730E-06 1.45571E-02
    -15.000   -45.000    25.000 3.89768E-07 2.45715E-02
    -15.000   -45.000    35.000 0.00000E+00 0.00000E+00
    -15.000   -45.000    45.000 0.00000E+00 0.00000E+00
    -15.000   -35.000   -45.000 0.00000E+00 0.00000E+00
    -15.000   -35.000   -35.000 1.18019E-06 1.83044E-02
    -15.000   -35.000   -25.000 8.32285E-06 1.05415E-02
    -15.000   -35.000   -15.000 1.76624E-05 7.69935E-03
    -15.000   -35.000    -5.000 2.44267E-05 6.52788E-03
    -15.000   -35.000     5.000 2.42122E-05 6.52848E-03
    -15.000   -35.000    15.000 1.71001E-05 7.71170E-03
    -15.000   -35.000    25.000 8.39416E-06 1.05063E-02
    -15.000   -35.000    35.000 1.17952E-06 1.88039E-02
    -15.000   -35.000    45.000 0.00000E+00 0.00000E+00
    -15.000   -25.000   -45.000 4.00724E-07 2.45115E-02
    -15.000   -25.000   -35.000 8.27860E-06 1.05088E-02
    -15.000   -25.000   -25.000 2.43619E-05 6.49178E-03
    -15.000   -25.000   -15.000 5.31525E-05 4.42269E-03
    -15.000   -25.000    -5.000 8.36812E-05 3.51313E-03
    -15.000   -25.000     5.000 8.28678E-05 3.53045E-03
    -15.000   -25.000    15.000 5.18260E-05 4.45943E-03
    -15.000   -25.000    25.000 2.43888E-05 6.49577E-03
    -15.000   -25.000    35.000 8.24391E-06 1.05171E-02
    -15.000   -25.000    45.000 3.77722E-07 2.45579E-02
    -15.000   -15.000   -45.000 2.80367E-06 1.44975E-02
    -15.000   -15.000   -35.000 1.72884E-05 7.70663E-03
    -15.000   -15.000   -25.000 5.25077E-05 4.44044E-03
    -15.000   -15.000   -15.000 1.45790E-04 2.64731E-03
    -15.000   -15.000    -5.000 2.98777E-04 1.84582E-03
    -15.000   -15.000     5.000 2.99286E-04 1.84358E-03
    -15.000   -15.000    15.000 1.44778E-04 2.65773E-03
    -15.000   -15.000    25.000 5.18751E-05 4.45197E-03
    -15.000   -15.000    35.000 1.70290E-05 7.76635E-03
    -15.000   -15.000    45.000 2.75391E-06 1.46668E-02
    -15.000    -5.000   -45.000 5.02785E-06 1.23420E-02
    -15.000    -5.000   -35.000 2.43204E-05 6.52088E-03
    -15.000    -5.000   -25.000 8.32764E-05 3.52407E-03
    -15.000    -5.000   -15.000 2.98840E-04 1.84436E-03
    -15.000    -5.000    -5.000 8.17600E-04 1.12932E-03
    -15.000    -5.000     5.000 8.18323E-04 1.12865E-03
    -15.000    -5.000    15.000 2.96195E-04 1.85176E-03
    -15.000    -5.000    25.000 8.27810E-05 3.52632E-03
    -15.000    -5.000    35.000 2.42291E-05 6.58007E-03
    -15.000    -5.000    45.000 4.94859E-06 1.24713E-02
    -15.000     5.000   -45.000 5.03618E-06 1.22804E-02
    -15.000     5.000   -35.000 2.42789E-05 6.51696E-03
    -15.000     5.000   -25.000 8.30839E-05 3.52454E-03
    -15.000     5.000   -15.000 2.97720E-04 1.84536E-03
    -15.000     5.000    -5.000 8.19131E-04 1.12971E-03
    -15.000     5.000     5.000 8.17748E-04 1.12987E-03
    -15.000     5.000    15.000 2.97967E-04 1.85008E-03
    -15.000     5.000    25.000 8.34224E-05 3.52398E-03
    -15.000     5.000    35.000 2.44202E-05 6.50961E-03
    -15.000     5.000    45.000 4.97721E-06 1.23350E-02
    -15.000    15.000   -45.000 2.82905E-06 1.46237E-02
    -15.000    15.000   -35.000 1.71854E-05 7.72087E-03
    -15.000    15.000   -25.000 5.27130E-05 4.44114E-03
    -15.000    15.000   -15.000 1.45595E-04 2.65145E-03
    -15.000    15.000    -5.000 2.97300E-04 1.84994E-03
    -15.000    15.000     5.000 2.97415E-04 1.85011E-03
    -15.000    15.000    15.000 1.45455E-04 2.65517E-03
    -15.000    15.000    25.000 5.27995E-05 4.44411E-03
    -15.000    15.000    35.000 1.74532E-05 7.66388E-03
    -15.000    15.000    45.000 2.79068E-06 1.44583E-02
    -15.000    25.000   -45.000 3.78319E-07 2.46926E-02
    -15.000    25.000   -35.000 8.17938E-06 1.05748E-02
    -15.000    25.000   -25.000 2.43706E-05 6.50691E-03
    -15.000    25.000   -15.000 5.25100E-05 4.45946E-03
    -15.000    25.000    -5.000 8.26250E-05 3.52532E-03
    -15.000    25.000     5.000 8.27802E-05 3.51797E-03
    -15.000    25.000    15.000 5.25629E-05 4.44815E-03
    -15.000    25.000    25.000 2.45515E-05 6.50556E-03
    -15.000    25.000    35.000 8.24907E-06 1.04985E-02
    -15.000    25.000    45.000 3.78594E-07 2.50714E-02
    -15.000    35.000   -45.000 0.00000E+00 0.00000E+00
    -15.000    35.000   -35.000 1.21132E-06 1.85250E-02
    -15.000    35.000   -25.000 8.46040E-06 1.05019E-02
    -15.000    35.000   -15.000 1.72138E-05 7.77203E-03
    -15.000    35.000    -5.000 2.43208E-05 6.53646E-03
    -15.000    35.000     5.000 2.45333E-05 6.52668E-03
    -15.000    35.000    15.000 1.72533E-05 7.68524E-03
    -15.000    35.000    25.000 8.35771E-06 1.04875E-02
    -15.000    35.000    35.000 1.21811E-06 1.85750E-02
    -15.000    35.000    45.000 0.00000E+00 0.00000E+00
    -15.000    45.000   -45.000 0.00000E+00 0.00000E+00
    -15.000    45.000   -35.000 0.00000E+00 0.00000E+00
    -15.000    45.000   -25.000 3.69478E-07 2.35851E-02
    -15.000    45.000   -15.000 2.76696E-06 1.47775E-02
    -15.000    45.000    -5.000 5.17551E-06 1.21746E-02
    -15.000    45.000     5.000 5.04098E-06 1.22633E-02
    -15.000    45.000    15.000 2.81211E-06 1.46586E-02
    -15.000    45.000    25.000 3.78312E-07 2.49370E-02
    -15.000    45.000    35.000 0.00000E+00 0.00000E+00
    -15.000    45.000    45.000 0.00000E+00 0.00000E+00
     -5.000   -45.000   -45.000 0.00000E+00 0.00000E+00
     -5.000   -45.000   -35.000 0.00000E+00 0.00000E+00
     -5.000   -45.000   -25.000 1.24711E-06 1.79051E-02
     -5.000   -45.000   -15.000 5.10210E-06 1.23001E-02
     -5.000   -45.000    -5.000 8.16598E-06 1.05486E-02
     -5.000   -45.000     5.000 8.40866E-06 1.05826E-02
     -5.000   -45.000    15.000 5.17594E-06 1.21840E-02
     -5.000   -45.000    25.000 1.20452E-06 1.77027E-02
     -5.000   -45.000    35.000 0.00000E+00 0.00000E+00
     -5.000   -45.000    45.000 0.00000E+00 0.00000E+00
     -5.000   -35.000   -45.000 0.00000E+00 0.00000E+00
     -5.000   -35.000   -35.000 2.66712E-06 1.48183E-02
     -5.000   -35.000   -25.000 1.24289E-05 9.01386E-03
     -5.000   -35.000   -15.000 2.44683E-05 6.50503E-03
     -5.000   -35.000    -5.000 3.49886E-05 5.42238E-03
     -5.000   -35.000     5.000 3.49264E-05 5.44142E-03
     -5.000   -35.000    15.000 2.47797E-05 6.50133E-03
     -5.000   -35.000    25.000 1.24693E-05 8.92982E-03
     -5.000   -35.000    35.000 2.75973E-06 1.45238E-02
     -5.000   -35.000    45.000 0.00000E+00 0.00000E+00
     -5.000   -25.000   -45.000 1.21896E-06 1.77792E-02
     -5.000   -25.000   -35.000 1.23110E-05 9.01264E-03
     -5.000   -25.000   -25.000 3.51942E-05 5.44094E-03
     -5.000   -25.000   -15.000 8.35871E-05 3.51182E-03
     -5.000   -25.000    -5.000 1.44073E-04 2.66331E-03
     -5.000   -25.000     5.000 1.43840E-04 2.65986E-03
     -5.000   -25.000    15.000 8.28390E-05 3.52625E-03
     -5.000   -25.000    25.000 3.54663E-05 5.42475E-03
     -5.000   -25.000    35.000 1.23890E-05 9.02377E-03
     -5.000   -25.000    45.000 1.23134E-06 1.76650E-02
     -5.000   -15.000   -45.000 5.10140E-06 1.23403E-02
     -5.000   -15.000   -35.000 2.45790E-05 6.49129E-03
     -5.000   -15.000   -25.000 8.33374E-05 3.51866E-03
     -5.000   -15.000   -15.000 2.98490E-04 1.84680E-03
     -5.000   -15.000    -5.000 8.18262E-04 1.12906E-03
     -5.000   -15.000     5.000 8.16941E-04 1.13014E-03
     -5.000   -15.000    15.000 2.96602E-04 1.84999E-03
     -5.000   -15.000    25.000 8.28943E-05 3.52349E-03
     -5.000   -15.000    35.000 2.44866E-05 6.51232E-03
     -5.000   -15.000    45.000 4.98681E-06 1.24145E-02
     -5.000    -5.000   -45.000 8.13746E-06 1.05381E-02
     -5.000    -5.000   -35.000 3.50688E-05 5.43206E-03
     -5.000    -5.000   -25.000 1.44171E-04 2.65940E-03
     -5.000    -5.000   -15.000 8.17907E-04 1.12954E-03
     -5.000    -5.000    -5.000 4.41578E-03 4.84576E-04
     -5.000    -5.000     5.000 4.41945E-03 4.84425E-04
     -5.000    -5.000    15.000 8.18169E-04 1.13014E-03
     -5.000    -5.000    25.000 1.44179E-04 2.65810E-03
     -5.000    -5.000    35.000 3.48742E-05 5.43623E-03
     -5.000    -5.000    45.000 8.20483E-06 1.05934E-02
     -5.000     5.000   -45.000 8.30172E-06 1.05747E-02
     -5.000     5.000   -35.000 3.50081E-05 5.44481E-03
     -5.000     5.000   -25.000 1.44445E-04 2.65604E-03
     -5.000     5.000   -15.000 8.19603E-04 1.12921E-03
     -5.000     5.000    -5.000 4.42155E-03 4.84281E-04
     -5.000     5.000     5.000 4.41849E-03 4.84604E-04
     -5.000     5.000    15.000 8.18036E-04 1.13031E-03
     -5.000     5.000    25.000 1.44372E-04 2.66365E-03
     -5.000     5.000    35.000 3.50058E-05 5.45798E-03
     -5.000     5.000    45.000 8.16790E-06 1.05831E-02
     -5.000    15.000   -45.000 4.99942E-06 1.23786E-02
     -5.000    15.000   -35.000 2.43095E-05 6.52021E-03
     -5.000    15.000   -25.000 8.36134E-05 3.51934E-03
     -5.000    15.000   -15.000 2.98574E-04 1.84765E-03
     -5.000    15.000    -5.000 8.16776E-04 1.13061E-03
     -5.000    15.000     5.000 8.15730E-04 1.13010E-03
     -5.000    15.000    15.000 2.97654E-04 1.85015E-03
     -5.000    15.000    25.000 8.31189E-05 3.52329E-03
     -5.000    15.000    35.000 2.46507E-05 6.47395E-03
     -5.000    15.000    45.000 5.13882E-06 1.23165E-02
     -5.000    25.000   -45.000 1.23835E-06 1.79762E-02
     -5.000    25.000   -35.000 1.22806E-05 9.03172E-03
     -5.000    25.000   -25.000 3.51961E-05 5.42001E-03
     -5.000    25.000   -15.000 8.28022E-05 3.52684E-03
     -5.000    25.000    -5.000 1.44029E-04 2.66622E-03
     -5.000    25.000     5.000 1.43286E-04 2.66753E-03
     -5.000    25.000    15.000 8.30636E-05 3.53839E-03
     -5.000    25.000    25.000 3.50203E-05 5.43084E-03
     -5.000    25.000    35.000 1.23303E-05 8.96470E-03
     -5.000    25.000    45.000 1.22958E-06 1.77968E-02
     -5.000    35.000   -45.000 0.00000E+00 0.00000E+00
     -5.000    35.000   -35.000 2.73645E-06 1.45558E-02
     -5.000    35.000   -25.000 1.24376E-05 8.96379E-03
     -5.000    35.000   -15.000 2.45611E-05 6.52027E-03
     -5.000    35.000    -5.000 3.53052E-05 5.44066E-03
     -5.000    35.000     5.000 3.49003E-05 5.45019E-03
     -5.000    35.000    15.000 2.43285E-05 6.51273E-03
     -5.000    35.000    25.000 1.22268E-05 9.05628E-03
     -5.000    35.000    35.000 2.74077E-06 1.45017E-02
     -5.000    35.000    45.000 0.00000E+00 0.00000E+00
     -5.000    45.000   -45.000 0.00000E+00 0.00000E+00
     -5.000    45.000   -35.000 0.00000E+00 0.00000E+00
     -5.000    45.000   -25.000 1.22749E-06 1.81535E-02
     -5.000    45.000   -15.000 5.03912E-06 1.22858E-02
     -5.000    45.000    -5.000 8.25724E-06 1.04961E-02
     -5.000    45.000     5.000 8.17920E-06 1.05568E-02
     -5.000    45.000    15.000 5.02023E-06 1.23846E-02
     -5.000    45.000    25.000 1.18759E-06 1.79044E-02
     -5.000    45.000    35.000 0.00000E+00 0.00000E+00
     -5.000    45.000    45.000 0.00000E+00 0.00000E+00
      5.000   -45.000   -45.000 0.00000E+00 0.00000E+00
      5.000   -45.000   -35.000 0.00000E+00 0.00000E+00
      5.000   -45.000   -25.000 1.21425E-06 1.80393E-02
      5.000   -45.000   -15.000 4.98234E-06 1.24723E-02
      5.000   -45.000    -5.000 8.17929E-06 1.05051E-02
      5.000   -45.000     5.000 8.18923E-06 1.05211E-02
      5.000   -45.000    15.000 5.15013E-06 1.23623E-02
      5.000   -45.000    25.000 1.22641E-06 1.79692E-02
      5.000   -45.000    35.000 0.00000E+00 0.00000E+00
      5.000   -45.000    45.000 0.00000E+00 0.00000E+00
      5.000   -35.000   -45.000 0.00000E+00 0.00000E+00
      5.000   -35.000   -35.000 2.63750E-06 1.48883E-02
      5.000   -35.000   -25.000 1.22813E-05 9.05557E-03
      5.000   -35.000   -15.000 2.41921E-05 6.54384E-03
      5.000   -35.000    -5.000 3.49818E-05 5.45300E-03
      5.000   -35.000     5.000 3.49691E-05 5.46211E-03
      5.000   -35.000    15.000 2.47249E-05 6.48790E-03
      5.000   -35.000    25.000 1.23499E-05 8.96345E-03
      5.000   -35.000    35.000 2.68450E-06 1.46704E-02
      5.000   -35.000    45.000 0.00000E+00 0.00000E+00
      5.000   -25.000   -45.000 1.21481E-06 1.78904E-02
      5.000   -25.000   -35.000 1.21846E-05 9.05074E-03
      5.000   -25.000   -25.000 3.48119E-05 5.44404E-03
      5.000   -25.000   -15.000 8.30873E-05 3.53273E-03
      5.000   -25.000    -5.000 1.44064E-04 2.66401E-03
      5.000   -25.000     5.000 1.44156E-04 2.66582E-03
      5.000   -25.000    15.000 8.37003E-05 3.51850E-03
      5.000   -25.000    25.000 3.52486E-05 5.41639E-03
      5.000   -25.000    35.000 1.23632E-05 8.97641E-03
      5.000   -25.000    45.000 1.23482E-06 1.79384E-02
      5.000   -15.000   -45.000 5.04966E-06 1.23172E-02
      5.000   -15.000   -35.000 2.45892E-05 6.49899E-03
      5.000   -15.000   -25.000 8.31970E-05 3.51630E-03
      5.000   -15.000   -15.000 2.97623E-04 1.85123E-03
      5.000   -15.000    -5.000 8.17584E-04 1.12908E-03
      5.000   -15.000     5.000 8.17491E-04 1.12956E-03
      5.000   -15.000    15.000 2.98411E-04 1.84689E-03
      5.000   -15.000    25.000 8.30579E-05 3.52303E-03
      5.000   -15.000    35.000 2.44317E-05 6.49858E-03
      5.000   -15.000    45.000 5.06582E-06 1.23727E-02
      5.000    -5.000   -45.000 8.29469E-06 1.05433E-02
      5.000    -5.000   -35.000 3.49139E-05 5.45570E-03
      5.000    -5.000   -25.000 1.43416E-04 2.66498E-03
      5.000    -5.000   -15.000 8.17201E-04 1.12992E-03
      5.000    -5.000    -5.000 4.42049E-03 4.84389E-04
      5.000    -5.000     5.000 4.41717E-03 4.84556E-04
      5.000    -5.000    15.000 8.18446E-04 1.12944E-03
      5.000    -5.000    25.000 1.44782E-04 2.66095E-03
      5.000    -5.000    35.000 3.53148E-05 5.43288E-03
      5.000    -5.000    45.000 8.24539E-06 1.05291E-02
      5.000     5.000   -45.000 8.24987E-06 1.04936E-02
      5.000     5.000   -35.000 3.47711E-05 5.45142E-03
      5.000     5.000   -25.000 1.44200E-04 2.66349E-03
      5.000     5.000   -15.000 8.18549E-04 1.12888E-03
      5.000     5.000    -5.000 4.42116E-03 4.84369E-04
      5.000     5.000     5.000 4.41706E-03 4.84530E-04
      5.000     5.000    15.000 8.17160E-04 1.13038E-03
      5.000     5.000    25.000 1.44366E-04 2.66396E-03
      5.000     5.000    35.000 3.50236E-05 5.42811E-03
      5.000     5.000    45.000 8.27983E-06 1.05194E-02
      5.000    15.000   -45.000 5.10889E-06 1.24629E-02
      5.000    15.000   -35.000 2.43137E-05 6.51296E-03
      5.000    15.000   -25.000 8.31388E-05 3.52195E-03
      5.000    15.000   -15.000 2.97613E-04 1.84655E-03
      5.000    15.000    -5.000 8.17882E-04 1.13015E-03
      5.000    15.000     5.000 8.15997E-04 1.13011E-03
      5.000    15.000    15.000 2.97865E-04 1.84895E-03
      5.000    15.000    25.000 8.27417E-05 3.52856E-03
      5.000    15.000    35.000 2.42789E-05 6.55933E-03
      5.000    15.000    45.000 4.99842E-06 1.24092E-02
      5.000    25.000   -45.000 1.22022E-06 1.76741E-02
      5.000    25.000   -35.000 1.24578E-05 9.01829E-03
      5.000    25.000   -25.000 3.54158E-05 5.42124E-03
      5.000    25.000   -15.000 8.30102E-05 3.52954E-03
      5.000    25.000    -5.000 1.44523E-04 2.66477E-03
      5.000    25.000     5.000 1.44672E-04 2.65975E-03
      5.000    25.000    15.000 8.34559E-05 3.51896E-03
      5.000    25.000    25.000 3.51511E-05 5.43331E-03
      5.000    25.000    35.000 1.22955E-05 9.00510E-03
      5.000    25.000    45.000 1.21781E-06 1.82197E-02
      5.000    35.000   -45.000 0.00000E+00 0.00000E+00
      5.000    35.000   -35.000 2.73119E-06 1.44240E-02
      5.000    35.000   -25.000 1.23582E-05 8.99625E-03
      5.000    35.000   -15.000 2.41884E-05 6.53339E-03
      5.000    35.000    -5.000 3.51386E-05 5.44716E-03
      5.000    35.000     5.000 3.53067E-05 5.43463E-03
      5.000    35.000    15.000 2.42372E-05 6.50494E-03
      5.000    35.000    25.000 1.23446E-05 8.96351E-03
      5.000    35.000    35.000 2.68311E-06 1.47036E-02
      5.000    35.000    45.000 0.00000E+00 0.00000E+00
      5.000    45.000   -45.000 0.00000E+00 0.00000E+00
      5.000    45.000   -35.000 0.00000E+00 0.00000E+00
      5.000    45.000   -25.000 1.21609E-06 1.78246E-02
      5.000    45.000   -15.000 4.97733E-06 1.24026E-02
      5.000    45.000    -5.000 8.33598E-06 1.04586E-02
      5.000    45.000     5.000 8.30291E-06 1.04908E-02
      5.000    45.000    15.000 5.04339E-06 1.23619E-02
      5.000    45.000    25.000 1.22898E-06 1.79788E-02
      5.000    45.000    35.000 0.00000E+00 0.00000E+00
      5.000    45.000    45.000 0.00000E+00 0.00000E+00
     15.000   -45.000   -45.000 0.00000E+00 0.00000E+00
     15.000   -45.000   -35.000 0.00000E+00 0.00000E+00
     15.000   -45.000   -25.000 3.77852E-07 2.43335E-02
     15.000   -45.000   -15.000 2.81998E-06 1.43138E-02
     15.000   -45.000    -5.000 5.08518E-06 1.24408E-02
     15.000   -45.000     5.000 4.96204E-06 1.24568E-02
     15.000   -45.000    15.000 2.71905E-06 1.46999E-02
     15.000   -45.000    25.000 3.83035E-07 2.45387E-02
     15.000   -45.000    35.000 0.00000E+00 0.00000E+00
     15.000   -45.000    45.000 0.00000E+00 0.00000E+00
     15.000   -35.000   -45.000 0.00000E+00 0.00000E+00
     15.000   -35.000   -35.000 1.17682E-06 1.81645E-02
     15.000   -35.000   -25.000 8.28742E-06 1.04925E-02
     15.000   -35.000   -15.000 1.73814E-05 7.65756E-03
     15.000   -35.000    -5.000 2.45371E-05 6.52827E-03
     15.000   -35.000     5.000 2.45241E-05 6.50613E-03
     15.000   -35.000    15.000 1.71714E-05 7.74023E-03
     15.000   -35.000    25.000 8.23424E-06 1.04761E-02
     15.000   -35.000    35.000 1.23191E-06 1.84268E-02
     15.000   -35.000    45.000 0.00000E+00 0.00000E+00
     15.000   -25.000   -45.000 3.84259E-07 2.42769E-02
     15.000   -25.000   -35.000 8.22102E-06 1.05956E-02
     15.000   -25.000   -25.000 2.43940E-05 6.52174E-03
     15.000   -25.000   -15.000 5.24338E-05 4.44619E-03
     15.000   -25.000    -5.000 8.29609E-05 3.53031E-03
     15.000   -25.000     5.000 8.30847E-05 3.53362E-03
     15.000   -25.000    15.000 5.23523E-05 4.44409E-03
     15.000   -25.000    25.000 2.46889E-05 6.52193E-03
     15.000   -25.000    35.000 8.37989E-06 1.04198E-02
     15.000   -25.000    45.000 3.73212E-07 2.44472E-02
     15.000   -15.000   -45.000 2.84893E-06 1.45711E-02
     15.000   -15.000   -35.000 1.73292E-05 7.72215E-03
     15.000   -15.000   -25.000 5.23426E-05 4.44143E-03
     15.000   -15.000   -15.000 1.45105E-04 2.65685E-03
     15.000   -15.000    -5.000 2.97711E-04 1.84749E-03
     15.000   -15.000     5.000 2.98767E-04 1.84480E-03
     15.000   -15.000    15.000 1.45549E-04 2.64685E-03
     15.000   -15.000    25.000 5.23564E-05 4.44266E-03
     15.000   -15.000    35.000 1.72894E-05 7.68725E-03
     15.000   -15.000    45.000 2.75944E-06 1.45199E-02
     15.000    -5.000   -45.000 5.06569E-06 1.23769E-02
     15.000    -5.000   -35.000 2.42011E-05 6.52277E-03
     15.000    -5.000   -25.000 8.30557E-05 3.52719E-03
     15.000    -5.000   -15.000 2.97296E-04 1.84941E-03
     15.000    -5.000    -5.000 8.16946E-04 1.12906E-03
     15.000    -5.000     5.000 8.17203E-04 1.13031E-03
     15.000    -5.000    15.000 2.97859E-04 1.84857E-03
     15.000    -5.000    25.000 8.32778E-05 3.52618E-03
     15.000    -5.000    35.000 2.44368E-05 6.50151E-03
     15.000    -5.000    45.000 5.02104E-06 1.22549E-02
     15.000     5.000   -45.000 5.08053E-06 1.23480E-02
     15.000     5.000   -35.000 2.43852E-05 6.52272E-03
     15.000     5.000   -25.000 8.34500E-05 3.52452E-03
     15.000     5.000   -15.000 2.97727E-04 1.85106E-03
     15.000     5.000    -5.000 8.18481E-04 1.12912E-03
     15.000     5.000     5.000 8.17642E-04 1.12995E-03
     15.000     5.000    15.000 2.97123E-04 1.85122E-03
     15.000     5.000    25.000 8.23919E-05 3.53795E-03
     15.000     5.000    35.000 2.41091E-05 6.55960E-03
     15.000     5.000    45.000 4.96125E-06 1.24843E-02
     15.000    15.000   -45.000 2.79217E-06 1.45570E-02
     15.000    15.000   -35.000 1.72414E-05 7.66976E-03
     15.000    15.000   -25.000 5.26727E-05 4.44021E-03
     15.000    15.000   -15.000 1.46317E-04 2.65029E-03
     15.000    15.000    -5.000 2.97859E-04 1.84961E-03
     15.000    15.000     5.000 2.97187E-04 1.85005E-03
     15.000    15.000    15.000 1.45390E-04 2.65337E-03
     15.000    15.000    25.000 5.26898E-05 4.45109E-03
     15.000    15.000    35.000 1.74147E-05 7.68467E-03
     15.000    15.000    45.000 2.70215E-06 1.45606E-02
     15.000    25.000   -45.000 3.74578E-07 2.43875E-02
     15.000    25.000   -35.000 8.36256E-06 1.04776E-02
     15.000    25.000   -25.000 2.44095E-05 6.50564E-03
     15.000    25.000   -15.000 5.24727E-05 4.44234E-03
     15.000    25.000    -5.000 8.28241E-05 3.52980E-03
     15.000    25.000     5.000 8.31650E-05 3.52147E-03
     15.000    25.000    15.000 5.29657E-05 4.43019E-03
     15.000    25.000    25.000 2.44607E-05 6.50858E-03
     15.000    25.000    35.000 8.49924E-06 1.04342E-02
     15.000    25.000    45.000 3.85397E-07 2.46034E-02
     15.000    35.000   -45.000 0.00000E+00 0.00000E+00
     15.000    35.000   -35.000 1.17098E-06 1.82183E-02
     15.000    35.000   -25.000 8.37085E-06 1.04660E-02
     15.000    35.000   -15.000 1.74253E-05 7.72479E-03
     15.000    35.000    -5.000 2.44392E-05 6.49783E-03
     15.000    35.000     5.000 2.42526E-05 6.50102E-03
     15.000    35.000    15.000 1.74739E-05 7.67405E-03
     15.000    35.000    25.000 8.48571E-06 1.04596E-02
     15.000    35.000    35.000 1.21148E-06 1.84595E-02
     15.000    35.000    45.000 0.00000E+00 0.00000E+00
     15.000    45.000   -45.000 0.00000E+00 0.00000E+00
     15.000    45.000   -35.000 0.00000E+00 0.00000E+00
     15.000    45.000   -25.000 3.81612E-07 2.40041E-02
     15.000    45.000   -15.000 2.80640E-06 1.46587E-02
     15.000    45.000    -5.000 5.13984E-06 1.23121E-02
     15.000    45.000     5.000 5.20223E-06 1.23130E-02
     15.000    45.000    15.000 2.78531E-06 1.44365E-02
     15.000    45.000    25.000 3.93498E-07 2.44631E-02
     15.000    45.000    35.000 0.00000E+00 0.00000E+00
     15.000    45.000    45.000 0.00000E+00 0.00000E+00
     25.000   -45.000   -45.000 0.00000E+00 0.00000E+00
     25.000   -45.000   -35.000 0.00000E+00 0.00000E+00
     25.000   -45.000   -25.000 2.99547E-09 1.02709E-01
     25.000   -45.000   -15.000 3.86404E-07 2.48087E-02
     25.000   -45.000    -5.000 1.23579E-06 1.81420E-02
     25.000   -45.000     5.000 1.20910E-06 1.79131E-02
     25.000   -45.000    15.000 3.74782E-07 2.47632E-02
     25.000   -45.000    25.000 3.43572E-09 9.62522E-02
     25.000   -45.000    35.000 0.00000E+00 0.00000E+00
     25.000   -45.000    45.000 0.00000E+00 0.00000E+00
     25.000   -35.000   -45.000 0.00000E+00 0.00000E+00
     25.000   -35.000   -35.000 8.99090E-08 3.86389E-02
     25.000   -35.000   -25.000 2.81602E-06 1.44225E-02
     25.000   -35.000   -15.000 8.37895E-06 1.04714E-02
     25.000   -35.000    -5.000 1.21812E-05 9.05024E-03
     25.000   -35.000     5.000 1.23988E-05 9.02905E-03
     25.000   -35.000    15.000 8.27888E-06 1.04822E-02
     25.000   -35.000    25.000 2.76850E-06 1.45139E-02
     25.000   -35.000    35.000 8.46212E-08 3.91363E-02
     25.000   -35.000    45.000 0.00000E+00 0.00000E+00
     25.000   -25.000   -45.000 3.68221E-09 1.11564E-01
     25.000   -25.000   -35.000 2.74480E-06 1.46850E-02
     25.000   -25.000   -25.000 1.23104E-05 8.97400E-03
     25.000   -25.000   -15.000 2.44713E-05 6.50706E-03
     25.000   -25.000    -5.000 3.56072E-05 5.43076E-03
     25.000   -25.000     5.000 3.51733E-05 5.44211E-03
     25.000   -25.000    15.000 2.42865E-05 6.51520E-03
     25.000   -25.000    25.000 1.23569E-05 9.04906E-03
     25.000   -25.000    35.000 2.71468E-06 1.47367E-02
     25.000   -25.000    45.000 3.07240E-09 1.06042E-01
     25.000   -15.000   -45.000 3.90190E-07 2.37479E-02
     25.000   -15.000   -35.000 8.37091E-06 1.05540E-02
     25.000   -15.000   -25.000 2.45160E-05 6.55013E-03
     25.000   -15.000   -15.000 5.25345E-05 4.44901E-03
     25.000   -15.000    -5.000 8.31875E-05 3.51890E-03
     25.000   -15.000     5.000 8.29373E-05 3.52319E-03
     25.000   -15.000    15.000 5.27591E-05 4.44216E-03
     25.000   -15.000    25.000 2.44385E-05 6.50967E-03
     25.000   -15.000    35.000 8.34707E-06 1.04318E-02
     25.000   -15.000    45.000 3.75612E-07 2.48918E-02
     25.000    -5.000   -45.000 1.22691E-06 1.78967E-02
     25.000    -5.000   -35.000 1.24372E-05 8.98729E-03
     25.000    -5.000   -25.000 3.53008E-05 5.43489E-03
     25.000    -5.000   -15.000 8.30211E-05 3.51997E-03
     25.000    -5.000    -5.000 1.44189E-04 2.66121E-03
     25.000    -5.000     5.000 1.44565E-04 2.65970E-03
     25.000    -5.000    15.000 8.29707E-05 3.52454E-03
     25.000    -5.000    25.000 3.54231E-05 5.43852E-03
     25.000    -5.000    35.000 1.25112E-05 8.98702E-03
     25.000    -5.000    45.000 1.23988E-06 1.77655E-02
     25.000     5.000   -45.000 1.23506E-06 1.79500E-02
     25.000     5.000   -35.000 1.22538E-05 9.08762E-03
     25.000     5.000   -25.000 3.49020E-05 5.45806E-03
     25.000     5.000   -15.000 8.32093E-05 3.52589E-03
     25.000     5.000    -5.000 1.45010E-04 2.65961E-03
     25.000     5.000     5.000 1.44949E-04 2.66160E-03
     25.000     5.000    15.000 8.24651E-05 3.52849E-03
     25.000     5.000    25.000 3.51705E-05 5.45046E-03
     25.000     5.000    35.000 1.22468E-05 9.05559E-03
     25.000     5.000    45.000 1.19668E-06 1.80460E-02
     25.000    15.000   -45.000 3.83243E-07 2.42819E-02
     25.000    15.000   -35.000 8.23348E-06 1.05335E-02
     25.000    15.000   -25.000 2.44583E-05 6.50706E-03
     25.000    15.000   -15.000 5.25154E-05 4.43437E-03
     25.000    15.000    -5.000 8.30235E-05 3.52170E-03
     25.000    15.000     5.000 8.32433E-05 3.51769E-03
     25.000    15.000    15.000 5.27605E-05 4.43209E-03
     25.000    15.000    25.000 2.44287E-05 6.47644E-03
     25.000    15.000    35.000 8.31808E-06 1.04821E-02
     25.000    15.000    45.000 3.76354E-07 2.43948E-02
     25.000    25.000   -45.000 3.02887E-09 1.00559E-01
     25.000    25.000   -35.000 2.71786E-06 1.46713E-02
     25.000    25.000   -25.000 1.23222E-05 9.00349E-03
     25.000    25.000   -15.000 2.44185E-05 6.55207E-03
     25.000    25.000    -5.000 3.51972E-05 5.44500E-03
     25.000    25.000     5.000 3.55098E-05 5.40729E-03
     25.000    25.000    15.000 2.46376E-05 6.50577E-03
     25.000    25.000    25.000 1.22137E-05 9.06071E-03
     25.000    25.000    35.000 2.75397E-06 1.44053E-02
     25.000    25.000    45.000 2.67485E-09 1.09080E-01
     25.000    35.000   -45.000 0.00000E+00 0.00000E+00
     25.000    35.000   -35.000 8.49016E-08 3.89014E-02
     25.000    35.000   -25.000 2.71809E-06 1.46912E-02
     25.000    35.000   -15.000 8.26637E-06 1.05236E-02
     25.000    35.000    -5.000 1.22664E-05 9.06939E-03
     25.000    35.000     5.000 1.23396E-05 9.01105E-03
     25.000    35.000    15.000 8.38401E-06 1.04084E-02
     25.000    35.000    25.000 2.69300E-06 1.46553E-02
     25.000    35.000    35.000 8.33099E-08 4.00288E-02
     25.000    35.000    45.000 0.00000E+00 0.00000E+00
     25.000    45.000   -45.000 0.00000E+00 0.00000E+00
     25.000    45.000   -35.000 0.00000E+00 0.00000E+00
     25.000    45.000   -25.000 3.17060E-09 1.12132E-01
     25.000    45.000   -15.000 3.74651E-07 2.43777E-02
     25.000    45.000    -5.000 1.19632E-06 1.80291E-02
     25.000    45.000     5.000 1.21114E-06 1.79718E-02
     25.000    45.000    15.000 3.82622E-07 2.49121E-02
     25.000    45.000    25.000 2.62784E-09 1.09113E-01
     25.000    45.000    35.000 0.00000E+00 0.00000E+00
     25.000    45.000    45.000 0.00000E+00 0.00000E+00
     35.000   -45.000   -45.000 0.00000E+00 0.00000E+00
     35.000   -45.000   -35.000 0.00000E+00 0.00000E+00
     35.000   -45.000   -25.000 0.00000E+00 0.00000E+00
     35.000   -45.000   -15.000 0.00000E+00 0.00000E+00
     35.000   -45.000    -5.000 0.00000E+00 0.00000E+00
     35.000   -45.000     5.000 0.00000E+00 0.00000E+00
     35.000   -45.000    15.000 0.00000E+00 0.00000E+00
     35.000   -45.000    25.000 0.00000E+00 0.00000E+00
     35.000   -45.000    35.000 0.00000E+00 0.00000E+00
     35.000   -45.000    45.000 0.00000E+00 0.00000E+00
     35.000   -35.000   -45.000 0.00000E+00 0.00000E+00
     35.000   -35.000   -35.000 0.00000E+00 0.00000E+00
     35.000   -35.000   -25.000 8.38001E-08 3.86456E-02
     35.000   -35.000   -15.000 1.25512E-06 1.80262E-02
     35.000   -35.000    -5.000 2.70367E-06 1.47126E-02
     35.000   -35.000     5.000 2.69461E-06 1.46385E-02
     35.000   -35.000    15.000 1.15055E-06 1.85249E-02
     35.000   -35.000    25.000 8.14275E-08 3.95408E-02
     35.000   -35.000    35.000 0.00000E+00 0.00000E+00
     35.000   -35.000    45.000 0.00000E+00 0.00000E+00
     35.000   -25.000   -45.000 0.00000E+00 0.00000E+00
     35.000   -25.000   -35.000 8.36637E-08 3.88216E-02
     35.000   -25.000   -25.000 2.78287E-06 1.46922E-02
     35.000   -25.000   -15.000 8.24033E-06 1.04886E-02
     35.000   -25.000    -5.000 1.22562E-05 9.10440E-03
     35.000   -25.000     5.000 1.21751E-05 9.07656E-03
     35.000   -25.000    15.000 8.27227E-06 1.05355E-02
     35.000   -25.000    25.000 2.71738E-06 1.46479E-02
     35.000   -25.000    35.000 7.71369E-08 4.01720E-02
     35.000   -25.000    45.000 0.00000E+00 0.00000E+00
     35.000   -15.000   -45.000 0.00000E+00 0.00000E+00
     35.000   -15.000   -35.000 1.18540E-06 1.86098E-02
     35.000   -15.000   -25.000 8.23637E-06 1.05542E-02
     35.000   -15.000   -15.000 1.74259E-05 7.65291E-03
     35.000   -15.000    -5.000 2.45326E-05 6.46773E-03
     35.000   -15.000     5.000 2.45071E-05 6.50258E-03
     35.000   -15.000    15.000 1.73499E-05 7.70544E-03
     35.000   -15.000    25.000 8.34021E-06 1.04932E-02
     35.000   -15.000    35.000 1.22670E-06 1.83481E-02
     35.000   -15.000    45.000 0.00000E+00 0.00000E+00
     35.000    -5.000   -45.000 0.00000E+00 0.00000E+00
     35.000    -5.000   -35.000 2.74941E-06 1.45237E-02
     35.000    -5.000   -25.000 1.21699E-05 8.99329E-03
     35.000    -5.000   -15.000 2.46652E-05 6.47679E-03
     35.000    -5.000    -5.000 3.54611E-05 5.40982E-03
     35.000    -5.000     5.000 3.50934E-05 5.44117E-03
     35.000    -5.000    15.000 2.46318E-05 6.49379E-03
     35.000    -5.000    25.000 1.24152E-05 8.98750E-03
     35.000    -5.000    35.000 2.73985E-06 1.45780E-02
     35.000    -5.000    45.000 0.00000E+00 0.00000E+00
     35.000     5.000   -45.000 0.00000E+00 0.00000E+00
     35.000     5.000   -35.000 2.73297E-06 1.47126E-02
     35.000     5.000   -25.000 1.24366E-05 8.96183E-03
     35.000     5.000   -15.000 2.49423E-05 6.47607E-03
     35.000     5.000    -5.000 3.48896E-05 5.44798E-03
     35.000     5.000     5.000 3.51910E-05 5.43275E-03
     35.000     5.000    15.000 2.43745E-05 6.51027E-03
     35.000     5.000    25.000 1.21867E-05 9.06883E-03
     35.000     5.000    35.000 2.73834E-06 1.46884E-02
     35.000     5.000    45.000 0.00000E+00 0.00000E+00
     35.000    15.000   -45.000 0.00000E+00 0.00000E+00
     35.000    15.000   -35.000 1.18778E-06 1.85252E-02
     35.000    15.000   -25.000 8.27360E-06 1.05327E-02
     35.000    15.000   -15.000 1.72365E-05 7.73187E-03
     35.000    15.000    -5.000 2.45214E-05 6.51325E-03
     35.000    15.000     5.000 2.45848E-05 6.50783E-03
     35.000    15.000    15.000 1.74702E-05 7.68060E-03
     35.000    15.000    25.000 8.19100E-06 1.05880E-02
     35.000    15.000    35.000 1.17901E-06 1.87352E-02
     35.000    15.000    45.000 0.00000E+00 0.00000E+00
     35.000    25.000   -45.000 0.00000E+00 0.00000E+00
     35.000    25.000   -35.000 8.43735E-08 3.89683E-02
     35.000    25.000   -25.000 2.75792E-06 1.47081E-02
     35.000    25.000   -15.000 8.20497E-06 1.05526E-02
     35.000    25.000    -5.000 1.22124E-05 9.11440E-03
     35.000    25.000     5.000 1.22347E-05 9.00640E-03
     35.000    25.000    15.000 8.33841E-06 1.04127E-02
     35.000    25.000    25.000 2.74363E-06 1.47711E-02
     35.000    25.000    35.000 8.44826E-08 3.95545E-02
     35.000    25.000    45.000 0.00000E+00 0.00000E+00
     35.000    35.000   -45.000 0.00000E+00 0.00000E+00
     35.000    35.000   -35.000 0.00000E+00 0.00000E+00
     35.000    35.000   -25.000 8.21357E-08 3.97010E-02
     35.000    35.000   -15.000 1.14722E-06 1.85954E-02
     35.000    35.000    -5.000 2.69606E-06 1.48738E-02
     35.000    35.000     5.000 2.66566E-06 1.48145E-02
     35.000    35.000    15.000 1.24971E-06 1.81186E-02
     35.000    35.000    25.000 7.98819E-08 3.86027E-02
     35.000    35.000    35.000 0.00000E+00 0.00000E+00
     35.000    35.000    45.000 0.00000E+00 0.00000E+00
     35.000    45.000   -45.000 0.00000E+00 0.00000E+00
     35.000    45.000   -35.000 0.00000E+00 0.00000E+00
     35.000    45.000   -25.000 0.00000E+00 0.00000E+00
     35.000    45.000   -15.000 0.00000E+00 0.00000E+00
     35.000    45.000    -5.000 0.00000E+00 0.00000E+00
     35.000    45.000     5.000 0.00000E+00 0.00000E+00
     35.000    45.000    15.000 0.00000E+00 0.00000E+00
     35.000    45.000    25.000 0.00000E+00 0.00000E+00
     35.000    45.000    35.000 0.00000E+00 0.00000E+00
     35.000    45.000    45.000 0.00000E+00 0.00000E+00
     45.000   -45.000   -45.000 0.00000E+00 0.00000E+00
     45.000   -45.000   -35.000 0.00000E+00 0.00000E+00
     45.000   -45.000   -25.000 0.00000E+00 0.00000E+00
     45.000   -45.000   -15.000 0.00000E+00 0.00000E+00
     45.000   -45.000    -5.000 0.00000E+00 0.00000E+00
     45.000   -45.000     5.000 0.00000E+00 0.00000E+00
     45.000   -45.000    15.000 0.00000E+00 0.00000E+00
     45.000   -45.000    25.000 0.00000E+00 0.00000E+00
     45.000   -45.000    35.000 0.00000E+00 0.00000E+00
     45.000   -45.000    45.000 0.00000E+00 0.00000E+00
     45.000   -35.000   -45.000 0.00000E+00 0.00000E+00
     45.000   -35.000   -35.000 0.00000E+00 0.00000E+00
     45.000   -35.000   -25.000 0.00000E+00 0.00000E+00
     45.000   -35.000   -15.000 0.00000E+00 0.00000E+00
     45.000   -35.000    -5.000 0.00000E+00 0.00000E+00
     45.000   -35.000     5.000 0.00000E+00 0.00000E+00
     45.000   -35.000    15.000 0.00000E+00 0.00000E+00
     45.000   -35.000    25.000 0.00000E+00 0.00000E+00
     45.000   -35.000    35.000 0.00000E+00 0.00000E+00
     45.000   -35.000    45.000 0.00000E+00 0.00000E+00
     45.000   -25.000   -45.000 0.00000E+00 0.00000E+00
     45.000   -25.000   -35.000 0.00000E+00 0.00000E+00
     45.000   -25.000   -25.000 2.56613E-09 1.12796E-01
     45.000   -25.000   -15.000 3.73521E-07 2.46189E-02
     45.000   -25.000    -5.000 1.20850E-06 1.81783E-02
     45.000   -25.000     5.000 1.20334E-06 1.79716E-02
     45.000   -25.000    15.000 3.82394E-07 2.48671E-02
     45.000   -25.000    25.000 2.90981E-09 1.06876E-01
     45.000   -25.000    35.000 0.00000E+00 0.00000E+00
     45.000   -25.000    45.000 0.00000E+00 0.00000E+00
     45.000   -15.000   -45.000 0.00000E+00 0.00000E+00
     45.000   -15.000   -35.000 0.00000E+00 0.00000E+00
     45.000   -15.000   -25.000 3.66070E-07 2.47772E-02
     45.000   -15.000   -15.000 2.79842E-06 1.46767E-02
     45.000   -15.000    -5.000 5.13194E-06 1.21109E-02
     45.000   -15.000     5.000 5.10817E-06 1.21789E-02
     45.000   -15.000    15.000 2.79060E-06 1.44909E-02
     45.000   -15.000    25.000 3.78060E-07 2.51689E-02
     45.000   -15.000    35.000 0.00000E+00 0.00000E+00
     45.000   -15.000    45.000 0.00000E+00 0.00000E+00
     45.000    -5.000   -45.000 0.00000E+00 0.00000E+00
     45.000    -5.000   -35.000 0.00000E+00 0.00000E+00
     45.000    -5.000   -25.000 1.17644E-06 1.78478E-02
     45.000    -5.000   -15.000 5.12988E-06 1.22516E-02
     45.000    -5.000    -5.000 8.26854E-06 1.04821E-02
     45.000    -5.000     5.000 8.36046E-06 1.05238E-02
     45.000    -5.000    15.000 5.11060E-06 1.22813E-02
     45.000    -5.000    25.000 1.23707E-06 1.78371E-02
     45.000    -5.000    35.000 0.00000E+00 0.00000E+00
     45.000    -5.000    45.000 0.00000E+00 0.00000E+00
     45.000     5.000   -45.000 0.00000E+00 0.00000E+00
     45.000     5.000   -35.000 0.00000E+00 0.00000E+00
     45.000     5.000   -25.000 1.25023E-06 1.82860E-02
     45.000     5.000   -15.000 5.18008E-06 1.22533E-02
     45.000     5.000    -5.000 8.20946E-06 1.05033E-02
     45.000     5.000     5.000 8.37768E-06 1.03970E-02
     45.000     5.000    15.000 5.20815E-06 1.21710E-02
     45.000     5.000    25.000 1.21368E-06 1.79951E-02
     45.000     5.000    35.000 0.00000E+00 0.00000E+00
     45.000     5.000    45.000 0.00000E+00 0.00000E+00
     45.000    15.000   -45.000 0.00000E+00 0.00000E+00
     45.000    15.000   -35.000 0.00000E+00 0.00000E+00
     45.000    15.000   -25.000 3.79643E-07 2.49564E-02
     45.000    15.000   -15.000 2.80081E-06 1.45339E-02
     45.000    15.000    -5.000 5.03588E-06 1.23624E-02
     45.000    15.000     5.000 5.09666E-06 1.22434E-02
     45.000    15.000    15.000 2.86458E-06 1.44443E-02
     45.000    15.000    25.000 3.73969E-07 2.50579E-02
     45.000    15.000    35.000 0.00000E+00 0.00000E+00
     45.000    15.000    45.000 0.00000E+00 0.00000E+00
     45.000    25.000   -45.000 0.00000E+00 0.00000E+00
     45.000    25.000   -35.000 0.00000E+00 0.00000E+00
     45.000    25.000   -25.000 2.78652E-09 1.13365E-01
     45.000    25.000   -15.000 3.77329E-07 2.50396E-02
     45.000    25.000    -5.000 1.26012E-06 1.76928E-02
     45.000    25.000     5.000 1.24071E-06 1.80087E-02
     45.000    25.000    15.000 3.81762E-07 2.47971E-02
     45.000    25.000    25.000 2.86867E-09 1.01340E-01
     45.000    25.000    35.000 0.00000E+00 0.00000E+00
     45.000    25.000    45.000 0.00000E+00 0.00000E+00
     45.000    35.000   -45.000 0.00000E+00 0.00000E+00
     45.000    35.000   -35.000 0.00000E+00 0.00000E+00
     45.000    35.000   -25.000 0.00000E+00 0.00000E+00
     45.000    35.000   -15.000 0.00000E+00 0.00000E+00
     45.000    35.000    -5.000 0.00000E+00 0.00000E+00
     45.000    35.000     5.000 0.00000E+00 0.00000E+00
     45.000    35.000    15.000 0.00000E+00 0.00000E+00
     45.000    35.000    25.000 0.00000E+00 0.00000E+00
     45.000    35.000    35.000 0.00000E+00 0.00000E+00
     45.000    35.000    45.000 0.00000E+00 0.00000E+00
     45.000    45.000   -45.000 0.00000E+00 0.00000E+00
     45.000    45.000   -35.000 0.00000E+00 0.00000E+00
     45.000    45.000   -25.000 0.00000E+00 0.00000E+00
     45.000    45.000   -15.000 0.00000E+00 0.00000E+00
     45.000    45.000    -5.000 0.00000E+00 0.00000E+00
     45.000    45.000     5.000 0.00000E+00 0.00000E+00
     45.000    45.000    15.000 0.00000E+00 0.00000E+00
     45.000    45.000    25.000 0.00000E+00 0.00000E+00
     45.000    45.000    35.000 0.00000E+00 0.00000E+00
     45.000    45.000    45.000 0.00000E+00 0.00000E+00
